Jacob	Thu Jun 04 15:27:23 2026
Aeroglaze test 1
 413.91 nanometers
10
  45.000	   0.000	   0.000	 180.000	0.157180	0.003396	 2.161
  10.000	  10.000	   0.000	 180.000	0.163882	0.009506	 5.800
  20.000	  10.000	   0.000	 180.000	0.157256	0.011007	 7.000
  30.000	  30.000	   0.000	 180.000	0.140660	0.002547	 1.811
  60.000	  30.000	   0.000	 180.000	0.143988	0.001945	 1.351
  50.000	  50.000	   0.000	 180.000	0.086755	0.048655	56.083
 100.000	  50.000	   0.000	 180.000	0.179886	0.001282	 0.713
  70.000	  70.000	   0.000	 180.000	0.020189	0.005016	24.847
 140.000	  70.000	   0.000	 180.000	0.891608	0.001906	 0.214
  45.000	   0.000	   0.000	 180.000	0.172001	0.032409	18.842
1.0000	 413.91	8.000	11
 0.001779 +- 0.000934 = dark 1
 0.004584 +- 0.000634 = dark 2
 0.002805 = dark 2 - dark 1
0 = filter number
