BRF Values
Working ref for z307 on invar (3x6, small FOV)
Measurements taken on Fri Sep 12:14:58 by Jacob
BRF values calculated with F:\data\sorted\data_processing_programs\blacklab_rf_calculator_MATLAB\Black_Lab_BRF_v6.m using 0/45 configuration
NIST BRF values linearly interpolated from F:\data\sorted\data_processing_programs\blacklab_rf_calculator_MATLAB\NIST RF files\RSG_working_NIST_standard\NIST_291181-Revised_24477-1-1_0-45_Extended.txt
src_z	src_a	view_z	view_a	385.65nm	630.79nm	852.23nm	1059.04nm
  0.000	  0.000	 45.000	  0.000	1.011553	1.021666	1.022332	1.018788
 10.000	  0.000	 75.000	180.000	0.900871	0.911628	0.912359	0.903570
 10.000	  0.000	 70.000	180.000	0.936061	0.945747	0.947057	0.940658
 10.000	  0.000	 65.000	180.000	0.962425	0.973050	0.973469	0.968638
 10.000	  0.000	 60.000	180.000	0.982448	0.992343	0.993857	0.990646
 10.000	  0.000	 55.000	180.000	0.997684	1.008155	1.010361	1.007780
 10.000	  0.000	 50.000	180.000	1.011217	1.023138	1.023320	1.022951
 10.000	  0.000	 45.000	180.000	1.019935	1.032060	1.034256	1.034619
 10.000	  0.000	 40.000	180.000	1.031228	1.043270	1.044324	1.045176
 10.000	  0.000	 35.000	180.000	1.039296	1.050929	1.051006	1.051022
 10.000	  0.000	 30.000	180.000	1.044833	1.058134	1.058557	1.060206
 10.000	  0.000	 25.000	180.000	1.052675	1.063461	1.064693	1.069321
 10.000	  0.000	 20.000	180.000	1.053380	1.066561	1.067483	1.070157
 10.000	  0.000	 15.000	180.000	1.061126	1.071411	1.069695	1.074893
 10.000	  0.000	 10.000	180.000	1.064314	1.073013	1.074280	1.077416
 10.000	  0.000	  5.000	180.000	1.063856	1.077881	1.078679	1.081573
 10.000	  0.000	  2.000	180.000	1.067946	1.077690	1.080680	1.083123
 10.000	  0.000	 22.000	  0.000	1.052476	1.064093	1.063185	1.062928
 10.000	  0.000	 25.000	  0.000	1.046576	1.057330	1.054055	1.056906
 10.000	  0.000	 30.000	  0.000	1.037111	1.046388	1.044720	1.049491
 10.000	  0.000	 35.000	  0.000	1.028349	1.036703	1.033022	1.034985
 10.000	  0.000	 40.000	  0.000	1.015507	1.024570	1.021634	1.021340
 10.000	  0.000	 45.000	  0.000	1.002902	1.011201	1.009542	1.009432
 10.000	  0.000	 50.000	  0.000	0.986473	0.995841	0.991780	0.991707
 10.000	  0.000	 55.000	  0.000	0.970408	0.974577	0.973602	0.972195
 10.000	  0.000	 60.000	  0.000	0.949663	0.955348	0.955463	0.952397
 10.000	  0.000	 65.000	  0.000	0.924776	0.932110	0.928917	0.926021
 10.000	  0.000	 70.000	  0.000	0.892622	0.899600	0.897192	0.891997
 10.000	  0.000	 75.000	  0.000	0.852925	0.859730	0.858260	0.850178
 30.000	  0.000	 75.000	180.000	0.979125	0.996191	1.002519	0.991448
 30.000	  0.000	 70.000	180.000	1.003865	1.022231	1.027594	1.020147
 30.000	  0.000	 65.000	180.000	1.020160	1.038141	1.044025	1.040588
 30.000	  0.000	 60.000	180.000	1.030394	1.049393	1.052918	1.051500
 30.000	  0.000	 55.000	180.000	1.037200	1.057016	1.059714	1.060960
 30.000	  0.000	 50.000	180.000	1.040606	1.058863	1.063726	1.065550
 30.000	  0.000	 45.000	180.000	1.044352	1.061676	1.067049	1.070151
 30.000	  0.000	 40.000	180.000	1.048683	1.062713	1.068578	1.071155
 30.000	  0.000	 35.000	180.000	1.047586	1.066496	1.067119	1.069488
 30.000	  0.000	 30.000	180.000	1.049436	1.063360	1.068589	1.070589
 30.000	  0.000	 25.000	180.000	1.049100	1.062661	1.067212	1.068992
 30.000	  0.000	 20.000	180.000	1.048341	1.061716	1.063892	1.062348
 30.000	  0.000	 15.000	180.000	1.046816	1.060810	1.062927	1.064031
 30.000	  0.000	 10.000	180.000	1.045805	1.055858	1.060040	1.059950
 30.000	  0.000	  5.000	180.000	1.045453	1.054048	1.053635	1.056421
 30.000	  0.000	  0.000	  0.000	1.042387	1.053327	1.053007	1.050827
 30.000	  0.000	  5.000	  0.000	1.038458	1.051016	1.048155	1.050899
 30.000	  0.000	 10.000	  0.000	1.035694	1.049769	1.045387	1.048678
 30.000	  0.000	 15.000	  0.000	1.034313	1.045004	1.044604	1.040830
 30.000	  0.000	 18.000	  0.000	1.033303	1.045372	1.042722	1.041453
 30.000	  0.000	 42.000	  0.000	0.996630	1.002697	0.997324	0.997467
 30.000	  0.000	 45.000	  0.000	0.986256	0.990569	0.988778	0.986896
 30.000	  0.000	 50.000	  0.000	0.970502	0.975423	0.974097	0.970340
 30.000	  0.000	 55.000	  0.000	0.952311	0.957571	0.953365	0.948118
 30.000	  0.000	 60.000	  0.000	0.931303	0.935134	0.931102	0.926249
 30.000	  0.000	 65.000	  0.000	0.906018	0.910251	0.903342	0.899556
 30.000	  0.000	 70.000	  0.000	0.875466	0.878524	0.876174	0.870010
 30.000	  0.000	 75.000	  0.000	0.835987	0.838952	0.835065	0.825977
 50.000	  0.000	 75.000	180.000	1.167909	1.203090	1.217613	1.212781
 50.000	  0.000	 70.000	180.000	1.154402	1.191471	1.205892	1.202959
 50.000	  0.000	 65.000	180.000	1.138792	1.168263	1.185187	1.182101
 50.000	  0.000	 60.000	180.000	1.121963	1.153047	1.164368	1.166520
 50.000	  0.000	 55.000	180.000	1.102209	1.132709	1.142689	1.149127
 50.000	  0.000	 50.000	180.000	1.091376	1.116212	1.125876	1.129735
 50.000	  0.000	 45.000	180.000	1.076133	1.102745	1.108914	1.112834
 50.000	  0.000	 40.000	180.000	1.063022	1.086390	1.092379	1.098725
 50.000	  0.000	 35.000	180.000	1.049024	1.075776	1.080633	1.084260
 50.000	  0.000	 30.000	180.000	1.040382	1.060214	1.064213	1.068099
 50.000	  0.000	 25.000	180.000	1.030612	1.051401	1.052685	1.054843
 50.000	  0.000	 20.000	180.000	1.023719	1.038939	1.041713	1.042980
 50.000	  0.000	 15.000	180.000	1.017035	1.031132	1.034884	1.035704
 50.000	  0.000	 10.000	180.000	1.008896	1.026712	1.022798	1.023668
 50.000	  0.000	  5.000	180.000	1.002627	1.016009	1.015677	1.016878
 50.000	  0.000	  0.000	  0.000	0.995755	1.011894	1.008776	1.005878
 50.000	  0.000	  5.000	  0.000	0.993782	1.004984	1.001065	1.001520
 50.000	  0.000	 10.000	  0.000	0.986837	0.997512	0.995948	0.995047
 50.000	  0.000	 15.000	  0.000	0.984116	0.994869	0.990961	0.988068
 50.000	  0.000	 20.000	  0.000	0.978161	0.988816	0.983858	0.981146
 50.000	  0.000	 25.000	  0.000	0.974985	0.982287	0.980591	0.977171
 50.000	  0.000	 30.000	  0.000	0.971980	0.978833	0.974938	0.969366
 50.000	  0.000	 35.000	  0.000	0.969745	0.974878	0.970595	0.967062
 50.000	  0.000	 38.000	  0.000	0.968919	0.972363	0.967989	0.962600
 50.000	  0.000	 62.000	  0.000	0.916914	0.917330	0.907461	0.902545
 50.000	  0.000	 65.000	  0.000	0.904167	0.902881	0.893244	0.888355
 50.000	  0.000	 70.000	  0.000	0.876857	0.873946	0.863423	0.856618
 50.000	  0.000	 75.000	  0.000	0.841912	0.837075	0.829245	0.816069
 70.000	  0.000	 75.000	180.000	1.868005	1.969645	2.024782	2.027813
 70.000	  0.000	 70.000	180.000	1.610837	1.694262	1.737036	1.732870
 70.000	  0.000	 65.000	180.000	1.434139	1.504541	1.536654	1.545493
 70.000	  0.000	 60.000	180.000	1.310814	1.369035	1.395914	1.407693
 70.000	  0.000	 55.000	180.000	1.219992	1.268899	1.293403	1.304059
 70.000	  0.000	 50.000	180.000	1.152921	1.196752	1.215164	1.218135
 70.000	  0.000	 45.000	180.000	1.098393	1.138616	1.153877	1.156870
 70.000	  0.000	 40.000	180.000	1.059322	1.093242	1.102547	1.112738
 70.000	  0.000	 35.000	180.000	1.025090	1.056730	1.067445	1.071039
 70.000	  0.000	 30.000	180.000	0.997989	1.027811	1.034499	1.037092
 70.000	  0.000	 25.000	180.000	0.976478	1.003461	1.004947	1.012246
 70.000	  0.000	 20.000	180.000	0.958406	0.982533	0.989208	0.990540
 70.000	  0.000	 15.000	180.000	0.944284	0.965284	0.968651	0.971848
 70.000	  0.000	 10.000	180.000	0.928406	0.948905	0.951537	0.952447
 70.000	  0.000	  5.000	180.000	0.919594	0.939204	0.940187	0.941067
 70.000	  0.000	  0.000	  0.000	0.908160	0.927639	0.928441	0.928228
 70.000	  0.000	  5.000	  0.000	0.898971	0.918516	0.920313	0.919980
 70.000	  0.000	 10.000	  0.000	0.893418	0.912207	0.909375	0.909578
 70.000	  0.000	 15.000	  0.000	0.891053	0.905158	0.905189	0.905086
 70.000	  0.000	 20.000	  0.000	0.883675	0.898827	0.899227	0.897992
 70.000	  0.000	 25.000	  0.000	0.880351	0.893526	0.893214	0.892395
 70.000	  0.000	 30.000	  0.000	0.878187	0.890875	0.890207	0.888266
 70.000	  0.000	 35.000	  0.000	0.879720	0.887086	0.886038	0.884379
 70.000	  0.000	 40.000	  0.000	0.879507	0.884933	0.883631	0.881213
 70.000	  0.000	 45.000	  0.000	0.879794	0.888165	0.883997	0.878914
 70.000	  0.000	 50.000	  0.000	0.883521	0.887730	0.885148	0.878289
 70.000	  0.000	 55.000	  0.000	0.886721	0.890531	0.881926	0.879387
 70.000	  0.000	 58.000	  0.000	0.890756	0.889325	0.878803	0.874264
  0.000	  0.000	 45.000	  0.000	1.012168	1.020184	1.020129	1.021287
