BRF Values
Z307 on Invar (3x6, small FOV)
Measurements taken on Fri Sep 14:03:49 by Jacob
BRF values calculated with F:\data\sorted\data_processing_programs\blacklab_rf_calculator_MATLAB\Black_Lab_BRF_v6.m using 0/45 configuration
NIST BRF values linearly interpolated from F:\data\sorted\data_processing_programs\blacklab_rf_calculator_MATLAB\NIST RF files\RSG_working_NIST_standard\NIST_291181-Revised_24477-1-1_0-45_Extended.txt
src_z	src_a	view_z	view_a	385.65nm	630.79nm	852.23nm	1059.04nm
  0.000	  0.000	 45.000	  0.000	0.016599	0.027129	0.029061	0.032687
 10.000	  0.000	 75.000	180.000	0.020009	0.033685	0.035122	0.036337
 10.000	  0.000	 70.000	180.000	0.019805	0.032240	0.034212	0.036185
 10.000	  0.000	 65.000	180.000	0.018467	0.031008	0.033170	0.036252
 10.000	  0.000	 60.000	180.000	0.017469	0.030085	0.032381	0.035742
 10.000	  0.000	 55.000	180.000	0.017154	0.029209	0.031733	0.035971
 10.000	  0.000	 50.000	180.000	0.016940	0.028678	0.031142	0.036035
 10.000	  0.000	 45.000	180.000	0.016919	0.028162	0.030853	0.036661
 10.000	  0.000	 40.000	180.000	0.017779	0.028001	0.030832	0.037351
 10.000	  0.000	 35.000	180.000	0.016929	0.027978	0.031112	0.038940
 10.000	  0.000	 30.000	180.000	0.017300	0.028107	0.031432	0.041214
 10.000	  0.000	 25.000	180.000	0.017651	0.028402	0.032297	0.043985
 10.000	  0.000	 20.000	180.000	0.018444	0.028544	0.032752	0.046030
 10.000	  0.000	 15.000	180.000	0.018648	0.029347	0.033974	0.050109
 10.000	  0.000	 10.000	180.000	0.019689	0.029886	0.034849	0.054032
 10.000	  0.000	  5.000	180.000	0.020657	0.030242	0.034955	0.052456
 10.000	  0.000	  2.000	180.000	0.020987	0.030203	0.034731	0.051044
 10.000	  0.000	 22.000	  0.000	0.020033	0.028934	0.030839	0.035753
 10.000	  0.000	 25.000	  0.000	0.018842	0.028546	0.030344	0.035218
 10.000	  0.000	 30.000	  0.000	0.017920	0.027987	0.029523	0.033430
 10.000	  0.000	 35.000	  0.000	0.017454	0.027681	0.028888	0.032390
 10.000	  0.000	 40.000	  0.000	0.017638	0.027242	0.028466	0.031648
 10.000	  0.000	 45.000	  0.000	0.016996	0.027009	0.028152	0.030684
 10.000	  0.000	 50.000	  0.000	0.017155	0.026890	0.027981	0.030065
 10.000	  0.000	 55.000	  0.000	0.016574	0.026871	0.027655	0.029614
 10.000	  0.000	 60.000	  0.000	0.016562	0.026929	0.027663	0.028996
 10.000	  0.000	 65.000	  0.000	0.017153	0.026972	0.027286	0.028617
 10.000	  0.000	 70.000	  0.000	0.016630	0.027114	0.027451	0.027985
 10.000	  0.000	 75.000	  0.000	0.016787	0.027161	0.027187	0.027210
 30.000	  0.000	 75.000	180.000	0.043536	0.058006	0.065189	0.070714
 30.000	  0.000	 70.000	180.000	0.028085	0.051275	0.058264	0.064927
 30.000	  0.000	 65.000	180.000	0.025128	0.045768	0.052256	0.059376
 30.000	  0.000	 60.000	180.000	0.022534	0.041485	0.047503	0.055678
 30.000	  0.000	 55.000	180.000	0.021819	0.038154	0.044003	0.053378
 30.000	  0.000	 50.000	180.000	0.020755	0.035726	0.041229	0.052472
 30.000	  0.000	 45.000	180.000	0.019672	0.034086	0.039189	0.052368
 30.000	  0.000	 40.000	180.000	0.019503	0.032597	0.038140	0.051557
 30.000	  0.000	 35.000	180.000	0.019809	0.031864	0.037071	0.051832
 30.000	  0.000	 30.000	180.000	0.019238	0.031349	0.036433	0.053337
 30.000	  0.000	 25.000	180.000	0.018443	0.030277	0.035350	0.051569
 30.000	  0.000	 20.000	180.000	0.018222	0.029807	0.034779	0.050927
 30.000	  0.000	 15.000	180.000	0.017899	0.028863	0.033367	0.046780
 30.000	  0.000	 10.000	180.000	0.017999	0.028299	0.032030	0.042311
 30.000	  0.000	  5.000	180.000	0.017428	0.027957	0.030929	0.039015
 30.000	  0.000	  0.000	  0.000	0.017848	0.027878	0.030130	0.036322
 30.000	  0.000	  5.000	  0.000	0.017659	0.027893	0.029930	0.035074
 30.000	  0.000	 10.000	  0.000	0.018361	0.028072	0.029797	0.033881
 30.000	  0.000	 15.000	  0.000	0.019088	0.028632	0.029893	0.033364
 30.000	  0.000	 18.000	  0.000	0.018951	0.028941	0.030075	0.032982
 30.000	  0.000	 42.000	  0.000	0.020056	0.029346	0.029705	0.030911
 30.000	  0.000	 45.000	  0.000	0.019749	0.029025	0.029247	0.030707
 30.000	  0.000	 50.000	  0.000	0.018899	0.028555	0.028576	0.030014
 30.000	  0.000	 55.000	  0.000	0.018836	0.028149	0.028090	0.029285
 30.000	  0.000	 60.000	  0.000	0.018491	0.027660	0.027570	0.028509
 30.000	  0.000	 65.000	  0.000	0.018007	0.027524	0.027235	0.027698
 30.000	  0.000	 70.000	  0.000	0.017629	0.027256	0.026644	0.026920
 30.000	  0.000	 75.000	  0.000	0.017557	0.026829	0.026116	0.025549
 50.000	  0.000	 75.000	180.000	0.123223	0.174946	0.218369	0.258265
 50.000	  0.000	 70.000	180.000	0.093961	0.133675	0.168051	0.203315
 50.000	  0.000	 65.000	180.000	0.072843	0.104819	0.130180	0.161632
 50.000	  0.000	 60.000	180.000	0.058556	0.083780	0.104619	0.133363
 50.000	  0.000	 55.000	180.000	0.036457	0.069581	0.085330	0.110782
 50.000	  0.000	 50.000	180.000	0.033176	0.059475	0.072222	0.098057
 50.000	  0.000	 45.000	180.000	0.027689	0.051099	0.061779	0.086743
 50.000	  0.000	 40.000	180.000	0.025718	0.046002	0.055288	0.081383
 50.000	  0.000	 35.000	180.000	0.022887	0.040280	0.047786	0.066131
 50.000	  0.000	 30.000	180.000	0.021363	0.036396	0.042300	0.056081
 50.000	  0.000	 25.000	180.000	0.019622	0.033504	0.038636	0.049149
 50.000	  0.000	 20.000	180.000	0.018876	0.031528	0.035609	0.044189
 50.000	  0.000	 15.000	180.000	0.018177	0.030025	0.033256	0.040646
 50.000	  0.000	 10.000	180.000	0.017803	0.028849	0.031573	0.038185
 50.000	  0.000	  5.000	180.000	0.017560	0.028027	0.030330	0.035345
 50.000	  0.000	  0.000	  0.000	0.017179	0.027470	0.029219	0.033146
 50.000	  0.000	  5.000	  0.000	0.017385	0.027191	0.028567	0.031585
 50.000	  0.000	 10.000	  0.000	0.017286	0.027017	0.027951	0.030558
 50.000	  0.000	 15.000	  0.000	0.017580	0.027082	0.027941	0.030208
 50.000	  0.000	 20.000	  0.000	0.017762	0.027366	0.027885	0.029789
 50.000	  0.000	 25.000	  0.000	0.018317	0.027802	0.028128	0.029762
 50.000	  0.000	 30.000	  0.000	0.019081	0.028631	0.028578	0.029932
 50.000	  0.000	 35.000	  0.000	0.020038	0.029697	0.029580	0.030635
 50.000	  0.000	 38.000	  0.000	0.021155	0.030505	0.030179	0.031215
 50.000	  0.000	 62.000	  0.000	0.023390	0.033649	0.032486	0.032745
 50.000	  0.000	 65.000	  0.000	0.023397	0.033360	0.031933	0.032454
 50.000	  0.000	 70.000	  0.000	0.022353	0.032735	0.031237	0.031358
 50.000	  0.000	 75.000	  0.000	0.022273	0.031869	0.030205	0.029594
 70.000	  0.000	 75.000	180.000	0.740202	1.199776	1.802268	2.485305
 70.000	  0.000	 70.000	180.000	0.443185	0.701027	1.034570	1.391848
 70.000	  0.000	 65.000	180.000	0.294676	0.449783	0.619342	0.841515
 70.000	  0.000	 60.000	180.000	0.189169	0.286274	0.382655	0.507047
 70.000	  0.000	 55.000	180.000	0.128212	0.193331	0.251927	0.325586
 70.000	  0.000	 50.000	180.000	0.064426	0.136560	0.171850	0.215196
 70.000	  0.000	 45.000	180.000	0.050146	0.101688	0.123771	0.150624
 70.000	  0.000	 40.000	180.000	0.041284	0.078101	0.093363	0.112145
 70.000	  0.000	 35.000	180.000	0.034313	0.062643	0.073232	0.086658
 70.000	  0.000	 30.000	180.000	0.029251	0.051905	0.059736	0.069676
 70.000	  0.000	 25.000	180.000	0.024257	0.044705	0.050028	0.057479
 70.000	  0.000	 20.000	180.000	0.023610	0.039418	0.043509	0.049711
 70.000	  0.000	 15.000	180.000	0.020420	0.035525	0.038445	0.043289
 70.000	  0.000	 10.000	180.000	0.018158	0.032653	0.035049	0.039147
 70.000	  0.000	  5.000	180.000	0.018865	0.030662	0.032295	0.035453
 70.000	  0.000	  0.000	  0.000	0.018014	0.029107	0.030365	0.032705
 70.000	  0.000	  5.000	  0.000	0.018431	0.028105	0.028876	0.030776
 70.000	  0.000	 10.000	  0.000	0.018144	0.027497	0.028120	0.029300
 70.000	  0.000	 15.000	  0.000	0.018024	0.027150	0.027506	0.028636
 70.000	  0.000	 20.000	  0.000	0.016510	0.026811	0.026801	0.028148
 70.000	  0.000	 25.000	  0.000	0.015697	0.027079	0.027009	0.028000
 70.000	  0.000	 30.000	  0.000	0.017127	0.027559	0.027231	0.028317
 70.000	  0.000	 35.000	  0.000	0.018489	0.028264	0.028120	0.029038
 70.000	  0.000	 40.000	  0.000	0.017672	0.029369	0.028936	0.030037
 70.000	  0.000	 45.000	  0.000	0.020474	0.031001	0.030524	0.031646
 70.000	  0.000	 50.000	  0.000	0.021834	0.033200	0.032960	0.034541
 70.000	  0.000	 55.000	  0.000	0.024363	0.036375	0.036623	0.038906
 70.000	  0.000	 58.000	  0.000	0.026170	0.038023	0.036330	0.036711
  0.000	  0.000	 45.000	  0.000	0.017073	0.027172	0.029059	0.032653
