Jacob K	Fri Sep 11 14:53:17 2026
Z307 on Invar (3x6, small FOV)
1059.04 nanometers
114
  45.000	   0.000	   0.000	   0.000	0.175073	0.000621	 0.355
  85.000	  10.000	   0.000	 180.000	0.191668	0.000530	 0.276
  80.000	  10.000	   0.000	 180.000	0.190866	0.000536	 0.281
  75.000	  10.000	   0.000	 180.000	0.191218	0.000641	 0.335
  70.000	  10.000	   0.000	 180.000	0.188530	0.000245	 0.130
  65.000	  10.000	   0.000	 180.000	0.189736	0.000621	 0.327
  60.000	  10.000	   0.000	 180.000	0.190073	0.000534	 0.281
  55.000	  10.000	   0.000	 180.000	0.193377	0.000438	 0.227
  50.000	  10.000	   0.000	 180.000	0.197019	0.000273	 0.138
  45.000	  10.000	   0.000	 180.000	0.205397	0.000744	 0.362
  40.000	  10.000	   0.000	 180.000	0.217394	0.000598	 0.275
  35.000	  10.000	   0.000	 180.000	0.232007	0.000523	 0.225
  30.000	  10.000	   0.000	 180.000	0.242795	0.000435	 0.179
  25.000	  10.000	   0.000	 180.000	0.264311	0.000260	 0.098
  20.000	  10.000	   0.000	 180.000	0.285006	0.000576	 0.202
  15.000	  10.000	   0.000	 180.000	0.276690	0.000438	 0.158
  12.000	  10.000	   0.000	 180.000	0.269245	0.000458	 0.170
  12.000	 -10.000	   0.000	   0.000	0.188590	0.000420	 0.223
  15.000	 -10.000	   0.000	   0.000	0.185765	0.000717	 0.386
  20.000	 -10.000	   0.000	   0.000	0.176334	0.000377	 0.214
  25.000	 -10.000	   0.000	   0.000	0.170850	0.000453	 0.265
  30.000	 -10.000	   0.000	   0.000	0.166936	0.000429	 0.257
  35.000	 -10.000	   0.000	   0.000	0.161850	0.000505	 0.312
  40.000	 -10.000	   0.000	   0.000	0.158587	0.000488	 0.307
  45.000	 -10.000	   0.000	   0.000	0.156207	0.000329	 0.211
  50.000	 -10.000	   0.000	   0.000	0.152944	0.000482	 0.315
  55.000	 -10.000	   0.000	   0.000	0.150949	0.000461	 0.305
  60.000	 -10.000	   0.000	   0.000	0.147612	0.000336	 0.228
  65.000	 -10.000	   0.000	   0.000	0.143527	0.000336	 0.234
 105.000	  30.000	   0.000	 180.000	0.328009	0.000455	 0.139
 100.000	  30.000	   0.000	 180.000	0.301168	0.000868	 0.288
  95.000	  30.000	   0.000	 180.000	0.275419	0.000511	 0.186
  90.000	  30.000	   0.000	 180.000	0.258264	0.001009	 0.391
  85.000	  30.000	   0.000	 180.000	0.247597	0.000601	 0.243
  80.000	  30.000	   0.000	 180.000	0.243392	0.000693	 0.285
  75.000	  30.000	   0.000	 180.000	0.242912	0.000711	 0.293
  70.000	  30.000	   0.000	 180.000	0.239149	0.000913	 0.382
  65.000	  30.000	   0.000	 180.000	0.240423	0.000682	 0.284
  60.000	  30.000	   0.000	 180.000	0.247405	0.000773	 0.313
  55.000	  30.000	   0.000	 180.000	0.239206	0.000441	 0.184
  50.000	  30.000	   0.000	 180.000	0.236228	0.000457	 0.194
  45.000	  30.000	   0.000	 180.000	0.216991	0.000410	 0.189
  40.000	  30.000	   0.000	 180.000	0.196260	0.000667	 0.340
  35.000	  30.000	   0.000	 180.000	0.180972	0.000570	 0.315
  30.000	  30.000	   0.000	 180.000	0.168482	0.000580	 0.344
  25.000	  30.000	   0.000	 180.000	0.162694	0.000359	 0.221
  20.000	  30.000	   0.000	 180.000	0.157156	0.000392	 0.249
  15.000	  30.000	   0.000	 180.000	0.154758	0.000459	 0.297
  12.000	  30.000	   0.000	 180.000	0.152989	0.000372	 0.243
  12.000	 -30.000	   0.000	   0.000	0.143381	0.000413	 0.288
  15.000	 -30.000	   0.000	   0.000	0.142435	0.000663	 0.465
  20.000	 -30.000	   0.000	   0.000	0.139221	0.000441	 0.317
  25.000	 -30.000	   0.000	   0.000	0.135841	0.000291	 0.214
  30.000	 -30.000	   0.000	   0.000	0.132238	0.000277	 0.210
  35.000	 -30.000	   0.000	   0.000	0.128478	0.000464	 0.361
  40.000	 -30.000	   0.000	   0.000	0.124871	0.000411	 0.329
  45.000	 -30.000	   0.000	   0.000	0.118512	0.000312	 0.263
 125.000	  50.000	   0.000	 180.000	0.889165	0.001869	 0.210
 120.000	  50.000	   0.000	 180.000	0.699980	0.000943	 0.135
 115.000	  50.000	   0.000	 180.000	0.556475	0.000916	 0.165
 110.000	  50.000	   0.000	 180.000	0.459146	0.001167	 0.254
 105.000	  50.000	   0.000	 180.000	0.381405	0.000572	 0.150
 100.000	  50.000	   0.000	 180.000	0.337593	0.001154	 0.342
  95.000	  50.000	   0.000	 180.000	0.298641	0.000967	 0.324
  90.000	  50.000	   0.000	 180.000	0.280189	0.000412	 0.147
  85.000	  50.000	   0.000	 180.000	0.227678	0.000482	 0.212
  80.000	  50.000	   0.000	 180.000	0.193077	0.000442	 0.229
  75.000	  50.000	   0.000	 180.000	0.169211	0.000377	 0.223
  70.000	  50.000	   0.000	 180.000	0.152137	0.000489	 0.321
  65.000	  50.000	   0.000	 180.000	0.139937	0.000345	 0.247
  60.000	  50.000	   0.000	 180.000	0.131464	0.000685	 0.521
  55.000	  50.000	   0.000	 180.000	0.121688	0.000424	 0.349
  50.000	  50.000	   0.000	 180.000	0.114117	0.000300	 0.263
  45.000	  50.000	   0.000	 180.000	0.108743	0.000303	 0.279
  40.000	  50.000	   0.000	 180.000	0.105206	0.000388	 0.369
  35.000	  50.000	   0.000	 180.000	0.104002	0.000313	 0.301
  30.000	  50.000	   0.000	 180.000	0.102558	0.000283	 0.276
  25.000	  50.000	   0.000	 180.000	0.102467	0.000349	 0.341
  20.000	  50.000	   0.000	 180.000	0.103051	0.000284	 0.275
  15.000	  50.000	   0.000	 180.000	0.105470	0.000284	 0.269
  12.000	  50.000	   0.000	 180.000	0.107467	0.000434	 0.403
  12.000	 -50.000	   0.000	   0.000	0.112736	0.000291	 0.258
  15.000	 -50.000	   0.000	   0.000	0.111733	0.000248	 0.222
  20.000	 -50.000	   0.000	   0.000	0.107959	0.000297	 0.275
  25.000	 -50.000	   0.000	   0.000	0.101886	0.000269	 0.264
 145.000	  70.000	   0.000	 180.000	4.552825	0.013647	 0.300
 140.000	  70.000	   0.000	 180.000	2.549723	0.007139	 0.280
 135.000	  70.000	   0.000	 180.000	1.541570	0.006308	 0.409
 130.000	  70.000	   0.000	 180.000	0.928858	0.002212	 0.238
 125.000	  70.000	   0.000	 180.000	0.596441	0.001860	 0.312
 120.000	  70.000	   0.000	 180.000	0.394217	0.001173	 0.297
 115.000	  70.000	   0.000	 180.000	0.275928	0.000655	 0.238
 110.000	  70.000	   0.000	 180.000	0.205438	0.000609	 0.296
 105.000	  70.000	   0.000	 180.000	0.158748	0.000466	 0.294
 100.000	  70.000	   0.000	 180.000	0.127640	0.000555	 0.435
  95.000	  70.000	   0.000	 180.000	0.105296	0.000305	 0.290
  90.000	  70.000	   0.000	 180.000	0.091066	0.000365	 0.401
  85.000	  70.000	   0.000	 180.000	0.079301	0.000264	 0.333
  80.000	  70.000	   0.000	 180.000	0.071713	0.000207	 0.289
  75.000	  70.000	   0.000	 180.000	0.064947	0.000307	 0.472
  70.000	  70.000	   0.000	 180.000	0.059913	0.000322	 0.538
  65.000	  70.000	   0.000	 180.000	0.056379	0.000210	 0.373
  60.000	  70.000	   0.000	 180.000	0.053674	0.000255	 0.476
  55.000	  70.000	   0.000	 180.000	0.052458	0.000221	 0.420
  50.000	  70.000	   0.000	 180.000	0.051564	0.000191	 0.370
  45.000	  70.000	   0.000	 180.000	0.051294	0.000203	 0.395
  40.000	  70.000	   0.000	 180.000	0.051874	0.000301	 0.581
  35.000	  70.000	   0.000	 180.000	0.053195	0.000846	 1.591
  30.000	  70.000	   0.000	 180.000	0.055025	0.000193	 0.350
  25.000	  70.000	   0.000	 180.000	0.057973	0.000228	 0.393
  20.000	  70.000	   0.000	 180.000	0.063275	0.000205	 0.323
  15.000	  70.000	   0.000	 180.000	0.071271	0.000267	 0.375
  12.000	  70.000	   0.000	 180.000	0.067251	0.000226	 0.336
  45.000	   0.000	   0.000	   0.000	0.174892	0.000404	 0.231
1.0000	1059.04	8.000	10
-0.004052 +- 0.000060 = dark 1
-0.004010 +- 0.000058 = dark 2
 0.000042 = dark 2 - dark 1
11 = filter number
