Jacob K	Fri Sep 11 14:03:49 2026
Z307 on Invar (3x6, small FOV)
 385.65 nanometers
114
  45.000	   0.000	   0.000	   0.000	0.055940	0.001021	 1.826
  85.000	  10.000	   0.000	 180.000	0.066409	0.007618	11.471
  80.000	  10.000	   0.000	 180.000	0.065731	0.008996	13.686
  75.000	  10.000	   0.000	 180.000	0.061290	0.006051	 9.873
  70.000	  10.000	   0.000	 180.000	0.057978	0.001178	 2.032
  65.000	  10.000	   0.000	 180.000	0.056931	0.001268	 2.227
  60.000	  10.000	   0.000	 180.000	0.056223	0.000969	 1.723
  55.000	  10.000	   0.000	 180.000	0.056152	0.000998	 1.777
  50.000	  10.000	   0.000	 180.000	0.059006	0.006742	11.425
  45.000	  10.000	   0.000	 180.000	0.056184	0.001041	 1.852
  40.000	  10.000	   0.000	 180.000	0.057416	0.001228	 2.138
  35.000	  10.000	   0.000	 180.000	0.058582	0.001164	 1.988
  30.000	  10.000	   0.000	 180.000	0.061215	0.005220	 8.527
  25.000	  10.000	   0.000	 180.000	0.061889	0.001079	 1.744
  20.000	  10.000	   0.000	 180.000	0.065344	0.006201	 9.490
  15.000	  10.000	   0.000	 180.000	0.068557	0.007850	11.451
  12.000	  10.000	   0.000	 180.000	0.069655	0.007418	10.650
  12.000	 -10.000	   0.000	   0.000	0.066486	0.007355	11.063
  15.000	 -10.000	   0.000	   0.000	0.062534	0.004665	 7.459
  20.000	 -10.000	   0.000	   0.000	0.059475	0.000973	 1.636
  25.000	 -10.000	   0.000	   0.000	0.057928	0.001072	 1.851
  30.000	 -10.000	   0.000	   0.000	0.058540	0.005442	 9.296
  35.000	 -10.000	   0.000	   0.000	0.056407	0.001045	 1.853
  40.000	 -10.000	   0.000	   0.000	0.056936	0.004748	 8.339
  45.000	 -10.000	   0.000	   0.000	0.055006	0.000967	 1.758
  50.000	 -10.000	   0.000	   0.000	0.054967	0.001074	 1.953
  55.000	 -10.000	   0.000	   0.000	0.056930	0.005293	 9.297
  60.000	 -10.000	   0.000	   0.000	0.055193	0.001219	 2.209
  65.000	 -10.000	   0.000	   0.000	0.055715	0.001253	 2.250
 105.000	  30.000	   0.000	 180.000	0.127063	0.001546	 1.217
 100.000	  30.000	   0.000	 180.000	0.081969	0.010766	13.134
  95.000	  30.000	   0.000	 180.000	0.073339	0.009012	12.288
  90.000	  30.000	   0.000	 180.000	0.065767	0.001375	 2.090
  85.000	  30.000	   0.000	 180.000	0.063681	0.007201	11.308
  80.000	  30.000	   0.000	 180.000	0.060574	0.006007	 9.917
  75.000	  30.000	   0.000	 180.000	0.057413	0.000936	 1.630
  70.000	  30.000	   0.000	 180.000	0.056920	0.004783	 8.404
  65.000	  30.000	   0.000	 180.000	0.057814	0.006200	10.724
  60.000	  30.000	   0.000	 180.000	0.056149	0.004968	 8.849
  55.000	  30.000	   0.000	 180.000	0.053828	0.001069	 1.986
  50.000	  30.000	   0.000	 180.000	0.053183	0.001065	 2.003
  45.000	  30.000	   0.000	 180.000	0.052240	0.000946	 1.811
  40.000	  30.000	   0.000	 180.000	0.052531	0.004107	 7.819
  35.000	  30.000	   0.000	 180.000	0.050865	0.001154	 2.268
  30.000	  30.000	   0.000	 180.000	0.052090	0.003536	 6.789
  25.000	  30.000	   0.000	 180.000	0.051538	0.001234	 2.394
  20.000	  30.000	   0.000	 180.000	0.053588	0.003797	 7.086
  15.000	  30.000	   0.000	 180.000	0.055711	0.003942	 7.075
  12.000	  30.000	   0.000	 180.000	0.055310	0.001075	 1.943
  12.000	 -30.000	   0.000	   0.000	0.058535	0.004228	 7.223
  15.000	 -30.000	   0.000	   0.000	0.057638	0.003877	 6.727
  20.000	 -30.000	   0.000	   0.000	0.055158	0.001042	 1.889
  25.000	 -30.000	   0.000	   0.000	0.054975	0.004191	 7.624
  30.000	 -30.000	   0.000	   0.000	0.053968	0.004296	 7.959
  35.000	 -30.000	   0.000	   0.000	0.052554	0.001117	 2.125
  40.000	 -30.000	   0.000	   0.000	0.051452	0.001162	 2.259
  45.000	 -30.000	   0.000	   0.000	0.051241	0.001167	 2.278
 125.000	  50.000	   0.000	 180.000	0.266931	0.001115	 0.418
 120.000	  50.000	   0.000	 180.000	0.203543	0.001192	 0.585
 115.000	  50.000	   0.000	 180.000	0.157795	0.001509	 0.956
 110.000	  50.000	   0.000	 180.000	0.126847	0.001462	 1.152
 105.000	  50.000	   0.000	 180.000	0.078976	0.010270	13.004
 100.000	  50.000	   0.000	 180.000	0.071867	0.010089	14.039
  95.000	  50.000	   0.000	 180.000	0.059981	0.001206	 2.011
  90.000	  50.000	   0.000	 180.000	0.055711	0.001045	 1.875
  85.000	  50.000	   0.000	 180.000	0.049578	0.001169	 2.358
  80.000	  50.000	   0.000	 180.000	0.046278	0.002422	 5.234
  75.000	  50.000	   0.000	 180.000	0.042507	0.000926	 2.179
  70.000	  50.000	   0.000	 180.000	0.040891	0.001872	 4.579
  65.000	  50.000	   0.000	 180.000	0.039376	0.001249	 3.172
  60.000	  50.000	   0.000	 180.000	0.038565	0.001185	 3.073
  55.000	  50.000	   0.000	 180.000	0.038039	0.001547	 4.067
  50.000	  50.000	   0.000	 180.000	0.037214	0.001191	 3.199
  45.000	  50.000	   0.000	 180.000	0.037660	0.001484	 3.941
  40.000	  50.000	   0.000	 180.000	0.037446	0.001124	 3.002
  35.000	  50.000	   0.000	 180.000	0.038083	0.001315	 3.453
  30.000	  50.000	   0.000	 180.000	0.038477	0.001045	 2.716
  25.000	  50.000	   0.000	 180.000	0.039680	0.001041	 2.623
  20.000	  50.000	   0.000	 180.000	0.041335	0.001914	 4.630
  15.000	  50.000	   0.000	 180.000	0.043408	0.001525	 3.513
  12.000	  50.000	   0.000	 180.000	0.045827	0.002146	 4.682
  12.000	 -50.000	   0.000	   0.000	0.050669	0.000911	 1.798
  15.000	 -50.000	   0.000	   0.000	0.050684	0.002848	 5.620
  20.000	 -50.000	   0.000	   0.000	0.048423	0.001236	 2.552
  25.000	 -50.000	   0.000	   0.000	0.048248	0.002860	 5.928
 145.000	  70.000	   0.000	 180.000	0.853184	0.003287	 0.385
 140.000	  70.000	   0.000	 180.000	0.510831	0.002513	 0.492
 135.000	  70.000	   0.000	 180.000	0.339655	0.001589	 0.468
 130.000	  70.000	   0.000	 180.000	0.218043	0.001074	 0.492
 125.000	  70.000	   0.000	 180.000	0.147782	0.001700	 1.151
 120.000	  70.000	   0.000	 180.000	0.074260	0.001217	 1.639
 115.000	  70.000	   0.000	 180.000	0.057800	0.001063	 1.839
 110.000	  70.000	   0.000	 180.000	0.047586	0.003244	 6.817
 105.000	  70.000	   0.000	 180.000	0.039551	0.001699	 4.297
 100.000	  70.000	   0.000	 180.000	0.033716	0.001312	 3.893
  95.000	  70.000	   0.000	 180.000	0.027959	0.003092	11.059
  90.000	  70.000	   0.000	 180.000	0.027214	0.001285	 4.724
  85.000	  70.000	   0.000	 180.000	0.023537	0.003959	16.821
  80.000	  70.000	   0.000	 180.000	0.020930	0.004872	23.276
  75.000	  70.000	   0.000	 180.000	0.021744	0.003317	15.256
  70.000	  70.000	   0.000	 180.000	0.020764	0.003902	18.793
  65.000	  70.000	   0.000	 180.000	0.021244	0.000993	 4.676
  60.000	  70.000	   0.000	 180.000	0.020913	0.001197	 5.722
  55.000	  70.000	   0.000	 180.000	0.020775	0.001175	 5.655
  50.000	  70.000	   0.000	 180.000	0.019030	0.005143	27.027
  45.000	  70.000	   0.000	 180.000	0.018093	0.005425	29.986
  40.000	  70.000	   0.000	 180.000	0.019741	0.004697	23.794
  35.000	  70.000	   0.000	 180.000	0.021311	0.003787	17.771
  30.000	  70.000	   0.000	 180.000	0.020369	0.004805	23.592
  25.000	  70.000	   0.000	 180.000	0.023599	0.002859	12.115
  20.000	  70.000	   0.000	 180.000	0.025167	0.002971	11.806
  15.000	  70.000	   0.000	 180.000	0.028082	0.002311	 8.231
  12.000	  70.000	   0.000	 180.000	0.030165	0.001255	 4.162
  45.000	   0.000	   0.000	   0.000	0.057536	0.001136	 1.974
1.0000	 385.65	8.000	11
-0.019825 +- 0.000515 = dark 1
-0.019833 +- 0.000738 = dark 2
-0.000008 = dark 2 - dark 1
7 = filter number
