Jacob K	Fri Sep 11 13:39:19 2026
Z307 on Invar (3x6, small FOV)
 630.79 nanometers
114
  45.000	   0.000	   0.000	   0.000	0.130470	0.000266	 0.204
  85.000	  10.000	   0.000	 180.000	0.159540	0.000202	 0.127
  80.000	  10.000	   0.000	 180.000	0.152697	0.000245	 0.160
  75.000	  10.000	   0.000	 180.000	0.146858	0.000390	 0.266
  70.000	  10.000	   0.000	 180.000	0.142489	0.000497	 0.349
  65.000	  10.000	   0.000	 180.000	0.138341	0.000557	 0.403
  60.000	  10.000	   0.000	 180.000	0.135825	0.000553	 0.407
  55.000	  10.000	   0.000	 180.000	0.133381	0.000546	 0.410
  50.000	  10.000	   0.000	 180.000	0.132619	0.000272	 0.205
  45.000	  10.000	   0.000	 180.000	0.132508	0.000353	 0.266
  40.000	  10.000	   0.000	 180.000	0.133121	0.000483	 0.363
  35.000	  10.000	   0.000	 180.000	0.134518	0.000522	 0.388
  30.000	  10.000	   0.000	 180.000	0.135188	0.000543	 0.401
  25.000	  10.000	   0.000	 180.000	0.138995	0.000512	 0.368
  20.000	  10.000	   0.000	 180.000	0.141548	0.000682	 0.482
  15.000	  10.000	   0.000	 180.000	0.143232	0.000553	 0.386
  12.000	  10.000	   0.000	 180.000	0.143045	0.000382	 0.267
  12.000	 -10.000	   0.000	   0.000	0.137036	0.000471	 0.343
  15.000	 -10.000	   0.000	   0.000	0.135198	0.000184	 0.136
  20.000	 -10.000	   0.000	   0.000	0.132551	0.000628	 0.474
  25.000	 -10.000	   0.000	   0.000	0.131104	0.000525	 0.401
  30.000	 -10.000	   0.000	   0.000	0.129022	0.000494	 0.383
  35.000	 -10.000	   0.000	   0.000	0.127919	0.000577	 0.451
  40.000	 -10.000	   0.000	   0.000	0.127354	0.000498	 0.391
  45.000	 -10.000	   0.000	   0.000	0.127267	0.000216	 0.169
  50.000	 -10.000	   0.000	   0.000	0.127539	0.000484	 0.379
  55.000	 -10.000	   0.000	   0.000	0.127743	0.000553	 0.433
  60.000	 -10.000	   0.000	   0.000	0.128415	0.000553	 0.431
  65.000	 -10.000	   0.000	   0.000	0.128639	0.000416	 0.323
 105.000	  30.000	   0.000	 180.000	0.241591	0.000728	 0.301
 100.000	  30.000	   0.000	 180.000	0.213559	0.000656	 0.307
  95.000	  30.000	   0.000	 180.000	0.190623	0.000836	 0.438
  90.000	  30.000	   0.000	 180.000	0.172781	0.000516	 0.299
  85.000	  30.000	   0.000	 180.000	0.158909	0.000454	 0.286
  80.000	  30.000	   0.000	 180.000	0.148797	0.000493	 0.331
  75.000	  30.000	   0.000	 180.000	0.141966	0.000549	 0.387
  70.000	  30.000	   0.000	 180.000	0.135763	0.000637	 0.469
  65.000	  30.000	   0.000	 180.000	0.132712	0.000556	 0.419
  60.000	  30.000	   0.000	 180.000	0.130566	0.000493	 0.377
  55.000	  30.000	   0.000	 180.000	0.126101	0.000391	 0.310
  50.000	  30.000	   0.000	 180.000	0.124146	0.000562	 0.452
  45.000	  30.000	   0.000	 180.000	0.120212	0.000531	 0.442
  40.000	  30.000	   0.000	 180.000	0.117863	0.000474	 0.403
  35.000	  30.000	   0.000	 180.000	0.116439	0.000373	 0.321
  30.000	  30.000	   0.000	 180.000	0.116109	0.000503	 0.433
  25.000	  30.000	   0.000	 180.000	0.116173	0.000401	 0.345
  20.000	  30.000	   0.000	 180.000	0.116918	0.000292	 0.250
  15.000	  30.000	   0.000	 180.000	0.119251	0.000512	 0.429
  12.000	  30.000	   0.000	 180.000	0.120538	0.000421	 0.349
  12.000	 -30.000	   0.000	   0.000	0.122225	0.000399	 0.326
  15.000	 -30.000	   0.000	   0.000	0.120888	0.000589	 0.487
  20.000	 -30.000	   0.000	   0.000	0.118931	0.000493	 0.415
  25.000	 -30.000	   0.000	   0.000	0.117238	0.000393	 0.335
  30.000	 -30.000	   0.000	   0.000	0.115202	0.000603	 0.524
  35.000	 -30.000	   0.000	   0.000	0.114635	0.000400	 0.349
  40.000	 -30.000	   0.000	   0.000	0.113521	0.000434	 0.382
  45.000	 -30.000	   0.000	   0.000	0.111743	0.000346	 0.310
 125.000	  50.000	   0.000	 180.000	0.540815	0.001860	 0.344
 120.000	  50.000	   0.000	 180.000	0.413235	0.001047	 0.253
 115.000	  50.000	   0.000	 180.000	0.324030	0.000648	 0.200
 110.000	  50.000	   0.000	 180.000	0.258991	0.000691	 0.267
 105.000	  50.000	   0.000	 180.000	0.215098	0.000565	 0.263
 100.000	  50.000	   0.000	 180.000	0.183856	0.000643	 0.350
  95.000	  50.000	   0.000	 180.000	0.157963	0.000481	 0.305
  90.000	  50.000	   0.000	 180.000	0.142207	0.000309	 0.217
  85.000	  50.000	   0.000	 180.000	0.124520	0.000478	 0.384
  80.000	  50.000	   0.000	 180.000	0.112513	0.000302	 0.268
  75.000	  50.000	   0.000	 180.000	0.103573	0.000419	 0.405
  70.000	  50.000	   0.000	 180.000	0.097464	0.000244	 0.250
  65.000	  50.000	   0.000	 180.000	0.092816	0.000478	 0.515
  60.000	  50.000	   0.000	 180.000	0.089182	0.000394	 0.441
  55.000	  50.000	   0.000	 180.000	0.086642	0.000368	 0.425
  50.000	  50.000	   0.000	 180.000	0.084919	0.000330	 0.389
  45.000	  50.000	   0.000	 180.000	0.084056	0.000405	 0.482
  40.000	  50.000	   0.000	 180.000	0.083520	0.000237	 0.284
  35.000	  50.000	   0.000	 180.000	0.083720	0.000366	 0.437
  30.000	  50.000	   0.000	 180.000	0.084597	0.000330	 0.390
  25.000	  50.000	   0.000	 180.000	0.085944	0.000345	 0.402
  20.000	  50.000	   0.000	 180.000	0.088507	0.000299	 0.338
  15.000	  50.000	   0.000	 180.000	0.091804	0.000344	 0.375
  12.000	  50.000	   0.000	 180.000	0.094300	0.000577	 0.612
  12.000	 -50.000	   0.000	   0.000	0.104021	0.000379	 0.364
  15.000	 -50.000	   0.000	   0.000	0.103128	0.000607	 0.588
  20.000	 -50.000	   0.000	   0.000	0.101194	0.000390	 0.385
  25.000	 -50.000	   0.000	   0.000	0.098519	0.000266	 0.270
 145.000	  70.000	   0.000	 180.000	1.973468	0.005138	 0.260
 140.000	  70.000	   0.000	 180.000	1.153094	0.003843	 0.333
 135.000	  70.000	   0.000	 180.000	0.739832	0.001558	 0.211
 130.000	  70.000	   0.000	 180.000	0.470882	0.001596	 0.339
 125.000	  70.000	   0.000	 180.000	0.318003	0.001020	 0.321
 120.000	  70.000	   0.000	 180.000	0.224622	0.000806	 0.359
 115.000	  70.000	   0.000	 180.000	0.167263	0.000828	 0.495
 110.000	  70.000	   0.000	 180.000	0.128465	0.000705	 0.548
 105.000	  70.000	   0.000	 180.000	0.103040	0.000463	 0.449
 100.000	  70.000	   0.000	 180.000	0.085377	0.000282	 0.330
  95.000	  70.000	   0.000	 180.000	0.073534	0.000371	 0.504
  90.000	  70.000	   0.000	 180.000	0.064838	0.000218	 0.336
  85.000	  70.000	   0.000	 180.000	0.058434	0.000366	 0.626
  80.000	  70.000	   0.000	 180.000	0.053710	0.000307	 0.571
  75.000	  70.000	   0.000	 180.000	0.050435	0.000319	 0.632
  70.000	  70.000	   0.000	 180.000	0.047877	0.000241	 0.502
  65.000	  70.000	   0.000	 180.000	0.046229	0.000220	 0.477
  60.000	  70.000	   0.000	 180.000	0.045229	0.000255	 0.564
  55.000	  70.000	   0.000	 180.000	0.044658	0.000244	 0.547
  50.000	  70.000	   0.000	 180.000	0.044100	0.000219	 0.496
  45.000	  70.000	   0.000	 180.000	0.044541	0.000221	 0.495
  40.000	  70.000	   0.000	 180.000	0.045330	0.000241	 0.533
  35.000	  70.000	   0.000	 180.000	0.046491	0.000176	 0.379
  30.000	  70.000	   0.000	 180.000	0.048308	0.000291	 0.602
  25.000	  70.000	   0.000	 180.000	0.050992	0.000340	 0.667
  20.000	  70.000	   0.000	 180.000	0.054610	0.000275	 0.504
  15.000	  70.000	   0.000	 180.000	0.059832	0.000212	 0.355
  12.000	  70.000	   0.000	 180.000	0.062543	0.000222	 0.355
  45.000	   0.000	   0.000	   0.000	0.130678	0.000387	 0.296
1.0000	 630.79	8.000	10
-0.004783 +- 0.000059 = dark 1
-0.004251 +- 0.000112 = dark 2
 0.000532 = dark 2 - dark 1
4 = filter number
