Jacob K	Fri Sep 11 14:28:53 2026
Z307 on Invar (3x6, small FOV)
 852.23 nanometers
114
  45.000	   0.000	   0.000	   0.000	0.029899	0.000079	 0.264
  85.000	  10.000	   0.000	 180.000	0.035586	0.000105	 0.294
  80.000	  10.000	   0.000	 180.000	0.034664	0.000087	 0.251
  75.000	  10.000	   0.000	 180.000	0.033608	0.000178	 0.530
  70.000	  10.000	   0.000	 180.000	0.032809	0.000129	 0.395
  65.000	  10.000	   0.000	 180.000	0.032152	0.000095	 0.294
  60.000	  10.000	   0.000	 180.000	0.031553	0.000154	 0.489
  55.000	  10.000	   0.000	 180.000	0.031261	0.000128	 0.409
  50.000	  10.000	   0.000	 180.000	0.031239	0.000125	 0.401
  45.000	  10.000	   0.000	 180.000	0.031523	0.000158	 0.501
  40.000	  10.000	   0.000	 180.000	0.031847	0.000117	 0.367
  35.000	  10.000	   0.000	 180.000	0.032724	0.000150	 0.458
  30.000	  10.000	   0.000	 180.000	0.033185	0.000103	 0.309
  25.000	  10.000	   0.000	 180.000	0.034423	0.000087	 0.253
  20.000	  10.000	   0.000	 180.000	0.035309	0.000134	 0.379
  15.000	  10.000	   0.000	 180.000	0.035417	0.000127	 0.360
  12.000	  10.000	   0.000	 180.000	0.035190	0.000198	 0.563
  12.000	 -10.000	   0.000	   0.000	0.031246	0.000123	 0.393
  15.000	 -10.000	   0.000	   0.000	0.030745	0.000099	 0.321
  20.000	 -10.000	   0.000	   0.000	0.029913	0.000118	 0.395
  25.000	 -10.000	   0.000	   0.000	0.029270	0.000121	 0.415
  30.000	 -10.000	   0.000	   0.000	0.028842	0.000081	 0.282
  35.000	 -10.000	   0.000	   0.000	0.028524	0.000137	 0.480
  40.000	 -10.000	   0.000	   0.000	0.028351	0.000092	 0.325
  45.000	 -10.000	   0.000	   0.000	0.028020	0.000122	 0.437
  50.000	 -10.000	   0.000	   0.000	0.028028	0.000080	 0.286
  55.000	 -10.000	   0.000	   0.000	0.027646	0.000099	 0.357
  60.000	 -10.000	   0.000	   0.000	0.027814	0.000079	 0.284
  65.000	 -10.000	   0.000	   0.000	0.027546	0.000115	 0.416
 105.000	  30.000	   0.000	 180.000	0.058083	0.000140	 0.241
 100.000	  30.000	   0.000	 180.000	0.051913	0.000193	 0.371
  95.000	  30.000	   0.000	 180.000	0.046560	0.000148	 0.318
  90.000	  30.000	   0.000	 180.000	0.042325	0.000155	 0.366
  85.000	  30.000	   0.000	 180.000	0.039207	0.000123	 0.315
  80.000	  30.000	   0.000	 180.000	0.036735	0.000130	 0.354
  75.000	  30.000	   0.000	 180.000	0.034917	0.000139	 0.399
  70.000	  30.000	   0.000	 180.000	0.033983	0.000108	 0.317
  65.000	  30.000	   0.000	 180.000	0.033030	0.000095	 0.287
  60.000	  30.000	   0.000	 180.000	0.032462	0.000144	 0.443
  55.000	  30.000	   0.000	 180.000	0.031497	0.000124	 0.393
  50.000	  30.000	   0.000	 180.000	0.030988	0.000118	 0.382
  45.000	  30.000	   0.000	 180.000	0.029730	0.000088	 0.297
  40.000	  30.000	   0.000	 180.000	0.028539	0.000119	 0.418
  35.000	  30.000	   0.000	 180.000	0.027558	0.000162	 0.588
  30.000	  30.000	   0.000	 180.000	0.026846	0.000086	 0.320
  25.000	  30.000	   0.000	 180.000	0.026668	0.000106	 0.397
  20.000	  30.000	   0.000	 180.000	0.026549	0.000093	 0.351
  15.000	  30.000	   0.000	 180.000	0.026635	0.000125	 0.468
  12.000	  30.000	   0.000	 180.000	0.026797	0.000102	 0.382
  12.000	 -30.000	   0.000	   0.000	0.026467	0.000095	 0.359
  15.000	 -30.000	   0.000	   0.000	0.026059	0.000125	 0.480
  20.000	 -30.000	   0.000	   0.000	0.025461	0.000118	 0.465
  25.000	 -30.000	   0.000	   0.000	0.025028	0.000113	 0.453
  30.000	 -30.000	   0.000	   0.000	0.024565	0.000116	 0.474
  35.000	 -30.000	   0.000	   0.000	0.024266	0.000076	 0.315
  40.000	 -30.000	   0.000	   0.000	0.023740	0.000110	 0.465
  45.000	 -30.000	   0.000	   0.000	0.023269	0.000090	 0.385
 125.000	  50.000	   0.000	 180.000	0.144413	0.000314	 0.218
 120.000	  50.000	   0.000	 180.000	0.111136	0.000369	 0.332
 115.000	  50.000	   0.000	 180.000	0.086091	0.000342	 0.397
 110.000	  50.000	   0.000	 180.000	0.069187	0.000332	 0.480
 105.000	  50.000	   0.000	 180.000	0.056431	0.000198	 0.352
 100.000	  50.000	   0.000	 180.000	0.047762	0.000147	 0.307
  95.000	  50.000	   0.000	 180.000	0.040856	0.000089	 0.217
  90.000	  50.000	   0.000	 180.000	0.036563	0.000148	 0.406
  85.000	  50.000	   0.000	 180.000	0.031602	0.000127	 0.400
  80.000	  50.000	   0.000	 180.000	0.027974	0.000140	 0.499
  75.000	  50.000	   0.000	 180.000	0.025551	0.000153	 0.601
  70.000	  50.000	   0.000	 180.000	0.023549	0.000116	 0.491
  65.000	  50.000	   0.000	 180.000	0.021993	0.000113	 0.513
  60.000	  50.000	   0.000	 180.000	0.020880	0.000093	 0.444
  55.000	  50.000	   0.000	 180.000	0.020058	0.000098	 0.490
  50.000	  50.000	   0.000	 180.000	0.019323	0.000057	 0.293
  45.000	  50.000	   0.000	 180.000	0.018892	0.000094	 0.498
  40.000	  50.000	   0.000	 180.000	0.018485	0.000096	 0.518
  35.000	  50.000	   0.000	 180.000	0.018478	0.000098	 0.532
  30.000	  50.000	   0.000	 180.000	0.018441	0.000099	 0.536
  25.000	  50.000	   0.000	 180.000	0.018602	0.000094	 0.503
  20.000	  50.000	   0.000	 180.000	0.018899	0.000099	 0.525
  15.000	  50.000	   0.000	 180.000	0.019562	0.000079	 0.405
  12.000	  50.000	   0.000	 180.000	0.019958	0.000090	 0.451
  12.000	 -50.000	   0.000	   0.000	0.021484	0.000078	 0.365
  15.000	 -50.000	   0.000	   0.000	0.021118	0.000088	 0.417
  20.000	 -50.000	   0.000	   0.000	0.020658	0.000101	 0.489
  25.000	 -50.000	   0.000	   0.000	0.019975	0.000075	 0.373
 145.000	  70.000	   0.000	 180.000	0.634188	0.002614	 0.412
 140.000	  70.000	   0.000	 180.000	0.364048	0.001201	 0.330
 135.000	  70.000	   0.000	 180.000	0.217936	0.000614	 0.282
 130.000	  70.000	   0.000	 180.000	0.134650	0.000228	 0.169
 125.000	  70.000	   0.000	 180.000	0.088649	0.000371	 0.418
 120.000	  70.000	   0.000	 180.000	0.060471	0.000109	 0.180
 115.000	  70.000	   0.000	 180.000	0.043553	0.000121	 0.278
 110.000	  70.000	   0.000	 180.000	0.032853	0.000202	 0.616
 105.000	  70.000	   0.000	 180.000	0.025769	0.000126	 0.490
 100.000	  70.000	   0.000	 180.000	0.021020	0.000101	 0.483
  95.000	  70.000	   0.000	 180.000	0.017604	0.000094	 0.533
  90.000	  70.000	   0.000	 180.000	0.015310	0.000087	 0.570
  85.000	  70.000	   0.000	 180.000	0.013528	0.000091	 0.674
  80.000	  70.000	   0.000	 180.000	0.012333	0.000104	 0.843
  75.000	  70.000	   0.000	 180.000	0.011364	0.000089	 0.786
  70.000	  70.000	   0.000	 180.000	0.010685	0.000087	 0.812
  65.000	  70.000	   0.000	 180.000	0.010161	0.000074	 0.725
  60.000	  70.000	   0.000	 180.000	0.009895	0.000055	 0.556
  55.000	  70.000	   0.000	 180.000	0.009679	0.000058	 0.602
  50.000	  70.000	   0.000	 180.000	0.009431	0.000075	 0.794
  45.000	  70.000	   0.000	 180.000	0.009504	0.000081	 0.851
  40.000	  70.000	   0.000	 180.000	0.009582	0.000069	 0.716
  35.000	  70.000	   0.000	 180.000	0.009895	0.000068	 0.688
  30.000	  70.000	   0.000	 180.000	0.010182	0.000054	 0.527
  25.000	  70.000	   0.000	 180.000	0.010741	0.000087	 0.814
  20.000	  70.000	   0.000	 180.000	0.011598	0.000072	 0.617
  15.000	  70.000	   0.000	 180.000	0.012887	0.000089	 0.692
  12.000	  70.000	   0.000	 180.000	0.012784	0.000075	 0.590
  45.000	   0.000	   0.000	   0.000	0.029897	0.000158	 0.529
1.0000	 852.23	8.000	9
-0.000453 +- 0.000017 = dark 1
-0.000565 +- 0.000044 = dark 2
-0.000112 = dark 2 - dark 1
9 = filter number
