nik	Mon Jul 06 13:24:12 2026
LOFT Invar Anoplate Nite sample
1059.04 nanometers
114
  45.000	   0.000	   0.000	   0.000	0.317755	0.000687	 0.216
  85.000	  10.000	   0.000	 180.000	0.312278	0.000952	 0.305
  80.000	  10.000	   0.000	 180.000	0.322385	0.000550	 0.171
  75.000	  10.000	   0.000	 180.000	0.330696	0.000865	 0.261
  70.000	  10.000	   0.000	 180.000	0.339201	0.000925	 0.273
  65.000	  10.000	   0.000	 180.000	0.358259	0.000850	 0.237
  60.000	  10.000	   0.000	 180.000	0.383316	0.000669	 0.175
  55.000	  10.000	   0.000	 180.000	0.416647	0.001135	 0.272
  50.000	  10.000	   0.000	 180.000	0.460202	0.001428	 0.310
  45.000	  10.000	   0.000	 180.000	0.516186	0.001763	 0.342
  40.000	  10.000	   0.000	 180.000	0.593101	0.001216	 0.205
  35.000	  10.000	   0.000	 180.000	0.694542	0.002260	 0.325
  30.000	  10.000	   0.000	 180.000	0.865393	0.003079	 0.356
  25.000	  10.000	   0.000	 180.000	1.168023	0.002225	 0.191
  20.000	  10.000	   0.000	 180.000	1.562302	0.008024	 0.514
  15.000	  10.000	   0.000	 180.000	1.252918	0.004331	 0.346
  12.000	  10.000	   0.000	 180.000	1.006147	0.002690	 0.267
  12.000	 -10.000	   0.000	   0.000	0.408559	0.001155	 0.283
  15.000	 -10.000	   0.000	   0.000	0.379380	0.001040	 0.274
  20.000	 -10.000	   0.000	   0.000	0.326519	0.001121	 0.343
  25.000	 -10.000	   0.000	   0.000	0.283515	0.001390	 0.490
  30.000	 -10.000	   0.000	   0.000	0.249319	0.000504	 0.202
  35.000	 -10.000	   0.000	   0.000	0.217451	0.000582	 0.268
  40.000	 -10.000	   0.000	   0.000	0.193774	0.000633	 0.327
  45.000	 -10.000	   0.000	   0.000	0.173545	0.000478	 0.276
  50.000	 -10.000	   0.000	   0.000	0.156729	0.000328	 0.209
  55.000	 -10.000	   0.000	   0.000	0.142255	0.000449	 0.315
  60.000	 -10.000	   0.000	   0.000	0.127119	0.000340	 0.268
  65.000	 -10.000	   0.000	   0.000	0.109311	0.000330	 0.302
 105.000	  30.000	   0.000	 180.000	0.938325	0.001520	 0.162
 100.000	  30.000	   0.000	 180.000	0.873910	0.001391	 0.159
  95.000	  30.000	   0.000	 180.000	0.831403	0.001833	 0.220
  90.000	  30.000	   0.000	 180.000	0.806868	0.002736	 0.339
  85.000	  30.000	   0.000	 180.000	0.808239	0.002069	 0.256
  80.000	  30.000	   0.000	 180.000	0.840747	0.002052	 0.244
  75.000	  30.000	   0.000	 180.000	0.897352	0.002910	 0.324
  70.000	  30.000	   0.000	 180.000	1.044223	0.002377	 0.228
  65.000	  30.000	   0.000	 180.000	1.318614	0.003442	 0.261
  60.000	  30.000	   0.000	 180.000	1.716610	0.003291	 0.192
  55.000	  30.000	   0.000	 180.000	1.309039	0.003984	 0.304
  50.000	  30.000	   0.000	 180.000	0.898869	0.002016	 0.224
  45.000	  30.000	   0.000	 180.000	0.695256	0.001773	 0.255
  40.000	  30.000	   0.000	 180.000	0.558418	0.001687	 0.302
  35.000	  30.000	   0.000	 180.000	0.472537	0.000994	 0.210
  30.000	  30.000	   0.000	 180.000	0.395533	0.001763	 0.446
  25.000	  30.000	   0.000	 180.000	0.333193	0.000920	 0.276
  20.000	  30.000	   0.000	 180.000	0.283828	0.000690	 0.243
  15.000	  30.000	   0.000	 180.000	0.241362	0.001332	 0.552
  12.000	  30.000	   0.000	 180.000	0.218021	0.000843	 0.386
  12.000	 -30.000	   0.000	   0.000	0.108482	0.000326	 0.300
  15.000	 -30.000	   0.000	   0.000	0.100901	0.000270	 0.268
  20.000	 -30.000	   0.000	   0.000	0.088104	0.000335	 0.381
  25.000	 -30.000	   0.000	   0.000	0.078015	0.000391	 0.501
  30.000	 -30.000	   0.000	   0.000	0.069320	0.000217	 0.313
  35.000	 -30.000	   0.000	   0.000	0.060971	0.000247	 0.405
  40.000	 -30.000	   0.000	   0.000	0.051607	0.000167	 0.323
  45.000	 -30.000	   0.000	   0.000	0.042168	0.000178	 0.422
 125.000	  50.000	   0.000	 180.000	3.431901	0.009831	 0.286
 120.000	  50.000	   0.000	 180.000	2.932587	0.005039	 0.172
 115.000	  50.000	   0.000	 180.000	2.635585	0.006427	 0.244
 110.000	  50.000	   0.000	 180.000	2.566184	0.005961	 0.232
 105.000	  50.000	   0.000	 180.000	2.791503	0.008437	 0.302
 100.000	  50.000	   0.000	 180.000	3.224442	0.005844	 0.181
  95.000	  50.000	   0.000	 180.000	2.133989	0.004864	 0.228
  90.000	  50.000	   0.000	 180.000	1.299123	0.003801	 0.293
  85.000	  50.000	   0.000	 180.000	0.889637	0.002197	 0.247
  80.000	  50.000	   0.000	 180.000	0.664095	0.001984	 0.299
  75.000	  50.000	   0.000	 180.000	0.518451	0.001902	 0.367
  70.000	  50.000	   0.000	 180.000	0.411139	0.001386	 0.337
  65.000	  50.000	   0.000	 180.000	0.330609	0.001210	 0.366
  60.000	  50.000	   0.000	 180.000	0.269945	0.000861	 0.319
  55.000	  50.000	   0.000	 180.000	0.222293	0.000987	 0.444
  50.000	  50.000	   0.000	 180.000	0.182956	0.000563	 0.308
  45.000	  50.000	   0.000	 180.000	0.152514	0.000595	 0.390
  40.000	  50.000	   0.000	 180.000	0.127819	0.000431	 0.337
  35.000	  50.000	   0.000	 180.000	0.106740	0.000426	 0.399
  30.000	  50.000	   0.000	 180.000	0.089371	0.000287	 0.321
  25.000	  50.000	   0.000	 180.000	0.076813	0.000347	 0.451
  20.000	  50.000	   0.000	 180.000	0.066451	0.000241	 0.363
  15.000	  50.000	   0.000	 180.000	0.058202	0.000229	 0.393
  12.000	  50.000	   0.000	 180.000	0.053502	0.000301	 0.563
  12.000	 -50.000	   0.000	   0.000	0.031578	0.000183	 0.579
  15.000	 -50.000	   0.000	   0.000	0.029956	0.000186	 0.621
  20.000	 -50.000	   0.000	   0.000	0.025496	0.000157	 0.617
  25.000	 -50.000	   0.000	   0.000	0.020445	0.000143	 0.698
 145.000	  70.000	   0.000	 180.000	10.746495	0.001454	 0.014
 140.000	  70.000	   0.000	 180.000	10.747094	0.001454	 0.014
 135.000	  70.000	   0.000	 180.000	9.424285	0.028006	 0.297
 130.000	  70.000	   0.000	 180.000	4.729685	0.013068	 0.276
 125.000	  70.000	   0.000	 180.000	2.684022	0.012519	 0.466
 120.000	  70.000	   0.000	 180.000	1.696336	0.004189	 0.247
 115.000	  70.000	   0.000	 180.000	1.095714	0.002639	 0.241
 110.000	  70.000	   0.000	 180.000	0.750807	0.003095	 0.412
 105.000	  70.000	   0.000	 180.000	0.518852	0.000855	 0.165
 100.000	  70.000	   0.000	 180.000	0.366228	0.001172	 0.320
  95.000	  70.000	   0.000	 180.000	0.266240	0.000824	 0.309
  90.000	  70.000	   0.000	 180.000	0.198298	0.000690	 0.348
  85.000	  70.000	   0.000	 180.000	0.149960	0.000459	 0.306
  80.000	  70.000	   0.000	 180.000	0.113536	0.000718	 0.632
  75.000	  70.000	   0.000	 180.000	0.088503	0.000414	 0.468
  70.000	  70.000	   0.000	 180.000	0.070103	0.000312	 0.446
  65.000	  70.000	   0.000	 180.000	0.056923	0.000240	 0.422
  60.000	  70.000	   0.000	 180.000	0.046302	0.000219	 0.474
  55.000	  70.000	   0.000	 180.000	0.038274	0.000241	 0.631
  50.000	  70.000	   0.000	 180.000	0.032363	0.000180	 0.555
  45.000	  70.000	   0.000	 180.000	0.027852	0.000138	 0.494
  40.000	  70.000	   0.000	 180.000	0.024732	0.000172	 0.694
  35.000	  70.000	   0.000	 180.000	0.023771	0.000232	 0.976
  30.000	  70.000	   0.000	 180.000	0.024054	0.000175	 0.726
  25.000	  70.000	   0.000	 180.000	0.026626	0.000144	 0.541
  20.000	  70.000	   0.000	 180.000	0.032284	0.000188	 0.583
  15.000	  70.000	   0.000	 180.000	0.043042	0.000178	 0.414
  12.000	  70.000	   0.000	 180.000	0.017959	0.000149	 0.831
  45.000	   0.000	   0.000	   0.000	0.317270	0.001366	 0.430
1.0000	1059.04	8.000	10
-0.002011 +- 0.000096 = dark 1
-0.001899 +- 0.000047 = dark 2
 0.000111 = dark 2 - dark 1
11 = filter number
