type bsdf_data
format angles=deg bsdf=value scale=1
10	0
0	0	0.059831
5	0	0.067967
5	10	0.067798
5	20	0.067300
5	30	0.066497
5	40	0.065428
5	50	0.064143
5	60	0.062696
5	70	0.061146
5	80	0.059551
5	90	0.057965
5	100	0.056435
5	110	0.055003
5	120	0.053703
5	130	0.052563
5	140	0.051605
5	150	0.050845
5	160	0.050295
5	170	0.049961
5	180	0.049850
10	0	0.071721
10	10	0.071370
10	20	0.070342
10	30	0.068709
10	40	0.066576
10	50	0.064073
10	60	0.061337
10	70	0.058499
10	80	0.055673
10	90	0.052955
10	100	0.050419
10	110	0.048118
10	120	0.046088
10	130	0.044353
10	140	0.042925
10	150	0.041812
10	160	0.041017
10	170	0.040540
10	180	0.040380
15	0	0.069916
15	10	0.069430
15	20	0.068017
15	30	0.065801
15	40	0.062961
15	50	0.059706
15	60	0.056241
15	70	0.052748
15	80	0.049372
15	90	0.046217
15	100	0.043353
15	110	0.040819
15	120	0.038632
15	130	0.036797
15	140	0.035309
15	150	0.034163
15	160	0.033350
15	170	0.032865
15	180	0.032704
20	0	0.063560
20	10	0.063021
20	20	0.061464
20	30	0.059048
20	40	0.056006
20	50	0.052591
20	60	0.049041
20	70	0.045550
20	80	0.042261
20	90	0.039260
20	100	0.036594
20	110	0.034279
20	120	0.032311
20	130	0.030679
20	140	0.029367
20	150	0.028362
20	160	0.027651
20	170	0.027228
20	180	0.027087
25	0	0.055086
25	10	0.054566
25	20	0.053068
25	30	0.050771
25	40	0.047920
25	50	0.044778
25	60	0.041578
25	70	0.038501
25	80	0.035664
25	90	0.033129
25	100	0.030917
25	110	0.029025
25	120	0.027434
25	130	0.026122
25	140	0.025072
25	150	0.024267
25	160	0.023697
25	170	0.023357
25	180	0.023244
30	0	0.046843
30	10	0.046377
30	20	0.045043
30	30	0.043014
30	40	0.040527
30	50	0.037829
30	60	0.035132
30	70	0.032589
30	80	0.030292
30	90	0.028280
30	100	0.026556
30	110	0.025102
30	120	0.023892
30	130	0.022899
30	140	0.022105
30	150	0.021494
30	160	0.021060
30	170	0.020800
30	180	0.020714
35	0	0.040199
35	10	0.039792
35	20	0.038631
35	30	0.036878
35	40	0.034751
35	50	0.032473
35	60	0.030231
35	70	0.028155
35	80	0.026315
35	90	0.024736
35	100	0.023409
35	110	0.022310
35	120	0.021406
35	130	0.020671
35	140	0.020083
35	150	0.019630
35	160	0.019307
35	170	0.019112
35	180	0.019047
40	0	0.035543
40	10	0.035183
40	20	0.034157
40	30	0.032615
40	40	0.030756
40	50	0.028784
40	60	0.026864
40	70	0.025111
40	80	0.023582
40	90	0.022293
40	100	0.021232
40	110	0.020368
40	120	0.019670
40	130	0.019108
40	140	0.018662
40	150	0.018317
40	160	0.018070
40	170	0.017921
40	180	0.017871
45	0	0.032681
45	10	0.032349
45	20	0.031406
45	30	0.029990
45	40	0.028290
45	50	0.026492
45	60	0.024752
45	70	0.023173
45	80	0.021808
45	90	0.020670
45	100	0.019744
45	110	0.019002
45	120	0.018410
45	130	0.017939
45	140	0.017568
45	150	0.017283
45	160	0.017079
45	170	0.016956
45	180	0.016915
50	0	0.031167
50	10	0.030847
50	20	0.029938
50	30	0.028573
50	40	0.026933
50	50	0.025199
50	60	0.023519
50	70	0.021995
50	80	0.020678
50	90	0.019581
50	100	0.018690
50	110	0.017977
50	120	0.017412
50	130	0.016966
50	140	0.016618
50	150	0.016352
50	160	0.016164
50	170	0.016050
50	180	0.016012
55	0	0.030480
55	10	0.030160
55	20	0.029247
55	30	0.027876
55	40	0.026226
55	50	0.024478
55	60	0.022781
55	70	0.021235
55	80	0.019894
55	90	0.018771
55	100	0.017854
55	110	0.017119
55	120	0.016536
55	130	0.016075
55	140	0.015717
55	150	0.015446
55	160	0.015255
55	170	0.015141
55	180	0.015102
60	0	0.030117
60	10	0.029787
60	20	0.028849
60	30	0.027439
60	40	0.025741
60	50	0.023943
60	60	0.022194
60	70	0.020600
60	80	0.019212
60	90	0.018046
60	100	0.017091
60	110	0.016321
60	120	0.015708
60	130	0.015223
60	140	0.014845
60	150	0.014560
60	160	0.014360
60	170	0.014240
60	180	0.014200
65	0	0.029684
65	10	0.029342
65	20	0.028370
65	30	0.026912
65	40	0.025163
65	50	0.023315
65	60	0.021525
65	70	0.019898
65	80	0.018485
65	90	0.017299
65	100	0.016328
65	110	0.015544
65	120	0.014917
65	130	0.014419
65	140	0.014030
65	150	0.013734
65	160	0.013526
65	170	0.013401
65	180	0.013359
70	0	0.028990
70	10	0.028637
70	20	0.027635
70	30	0.026141
70	40	0.024358
70	50	0.022489
70	60	0.020693
70	70	0.019073
70	80	0.017678
70	90	0.016515
70	100	0.015567
70	110	0.014802
70	120	0.014189
70	130	0.013699
70	140	0.013312
70	150	0.013015
70	160	0.012804
70	170	0.012676
70	180	0.012634
75	0	0.028076
75	10	0.027716
75	20	0.026697
75	30	0.025184
75	40	0.023395
75	50	0.021537
75	60	0.019771
75	70	0.018198
75	80	0.016859
75	90	0.015755
75	100	0.014861
75	110	0.014144
75	120	0.013567
75	130	0.013102
75	140	0.012730
75	150	0.012440
75	160	0.012230
75	170	0.012102
75	180	0.012059
80	0	0.027152
80	10	0.026788
80	20	0.025763
80	30	0.024249
80	40	0.022471
80	50	0.020643
80	60	0.018927
80	70	0.017416
80	80	0.016147
80	90	0.015114
80	100	0.014286
80	110	0.013625
80	120	0.013092
80	130	0.012659
80	140	0.012306
80	150	0.012026
80	160	0.011821
80	170	0.011694
80	180	0.011651
20	0
0	0	0.042413
5	0	0.052963
5	10	0.052755
5	20	0.052144
5	30	0.051170
5	40	0.049893
5	50	0.048387
5	60	0.046730
5	70	0.044998
5	80	0.043261
5	90	0.041577
5	100	0.039994
5	110	0.038546
5	120	0.037260
5	130	0.036154
5	140	0.035238
5	150	0.034520
5	160	0.034005
5	170	0.033696
5	180	0.033592
10	0	0.063560
10	10	0.063021
10	20	0.061464
10	30	0.059048
10	40	0.056006
10	50	0.052591
10	60	0.049041
10	70	0.045550
10	80	0.042261
10	90	0.039260
10	100	0.036594
10	110	0.034279
10	120	0.032311
10	130	0.030679
10	140	0.029367
10	150	0.028362
10	160	0.027651
10	170	0.027228
10	180	0.027087
15	0	0.071816
15	10	0.070860
15	20	0.068137
15	30	0.064040
15	40	0.059092
15	50	0.053816
15	60	0.048640
15	70	0.043853
15	80	0.039605
15	90	0.035945
15	100	0.032853
15	110	0.030277
15	120	0.028157
15	130	0.026435
15	140	0.025069
15	150	0.024028
15	160	0.023294
15	170	0.022857
15	180	0.022711
20	0	0.075853
20	10	0.074480
20	20	0.070628
20	30	0.064999
20	40	0.058476
20	50	0.051861
20	60	0.045725
20	70	0.040369
20	80	0.035884
20	90	0.032218
20	100	0.029258
20	110	0.026874
20	120	0.024949
20	130	0.023394
20	140	0.022154
20	150	0.021197
20	160	0.020513
20	170	0.020100
20	180	0.019963
25	0	0.075397
25	10	0.073698
25	20	0.069002
25	30	0.062320
25	40	0.054862
25	50	0.047637
25	60	0.041266
25	70	0.035999
25	80	0.031820
25	90	0.028579
25	100	0.026077
25	110	0.024123
25	120	0.022564
25	130	0.021293
25	140	0.020251
25	150	0.019420
25	160	0.018807
25	170	0.018428
25	180	0.018300
30	0	0.071727
30	10	0.069842
30	20	0.064692
30	30	0.057529
30	40	0.049781
30	50	0.042555
30	60	0.036454
30	70	0.031641
30	80	0.028014
30	90	0.025348
30	100	0.023393
30	110	0.021923
30	120	0.020762
30	130	0.019791
30	140	0.018957
30	150	0.018254
30	160	0.017711
30	170	0.017365
30	180	0.017246
35	0	0.066697
35	10	0.064755
35	20	0.059495
35	30	0.052302
35	40	0.044701
35	50	0.037809
35	60	0.032177
35	70	0.027898
35	80	0.024813
35	90	0.022663
35	100	0.021177
35	110	0.020115
35	120	0.019289
35	130	0.018576
35	140	0.017921
35	150	0.017331
35	160	0.016851
35	170	0.016535
35	180	0.016424
40	0	0.061815
40	10	0.059903
40	20	0.054753
40	30	0.047781
40	40	0.040517
40	50	0.034044
40	60	0.028860
40	70	0.025015
40	80	0.022326
40	90	0.020527
40	100	0.019351
40	110	0.018556
40	120	0.017955
40	130	0.017420
40	140	0.016897
40	150	0.016399
40	160	0.015975
40	170	0.015689
40	180	0.015587
45	0	0.057932
45	10	0.056089
45	20	0.051136
45	30	0.044458
45	40	0.037539
45	50	0.031415
45	60	0.026547
45	70	0.022969
45	80	0.020496
45	90	0.018870
45	100	0.017833
45	110	0.017158
45	120	0.016662
45	130	0.016222
45	140	0.015784
45	150	0.015355
45	160	0.014983
45	170	0.014729
45	180	0.014638
50	0	0.055367
50	10	0.053590
50	20	0.048814
50	30	0.042372
50	40	0.035694
50	50	0.029777
50	60	0.025067
50	70	0.021595
50	80	0.019183
50	90	0.017586
50	100	0.016561
50	110	0.015893
50	120	0.015413
50	130	0.015003
50	140	0.014609
50	150	0.014230
50	160	0.013905
50	170	0.013683
50	180	0.013604
55	0	0.054152
55	10	0.052402
55	20	0.047693
55	30	0.041333
55	40	0.034724
55	50	0.028850
55	60	0.024153
55	70	0.020666
55	80	0.018219
55	90	0.016572
55	100	0.015493
55	110	0.014778
55	120	0.014268
55	130	0.013852
55	140	0.013474
55	150	0.013127
55	160	0.012837
55	170	0.012642
55	180	0.012573
60	0	0.054201
60	10	0.052408
60	20	0.047584
60	30	0.041075
60	40	0.034320
60	50	0.028324
60	60	0.023529
60	70	0.019965
60	80	0.017450
60	90	0.015743
60	100	0.014608
60	110	0.013846
60	120	0.013302
60	130	0.012868
60	140	0.012489
60	150	0.012152
60	160	0.011876
60	170	0.011694
60	180	0.011630
65	0	0.055376
65	10	0.053445
65	20	0.048270
65	30	0.041334
65	40	0.034201
65	50	0.027935
65	60	0.022976
65	70	0.019325
65	80	0.016768
65	90	0.015041
65	100	0.013894
65	110	0.013120
65	120	0.012563
65	130	0.012114
65	140	0.011718
65	150	0.011367
65	160	0.011081
65	170	0.010892
65	180	0.010826
70	0	0.057455
70	10	0.055286
70	20	0.049515
70	30	0.041881
70	40	0.034166
70	50	0.027524
70	60	0.022378
70	70	0.018668
70	80	0.016125
70	90	0.014441
70	100	0.013341
70	110	0.012603
70	120	0.012059
70	130	0.011601
70	140	0.011178
70	150	0.010790
70	160	0.010468
70	170	0.010254
70	180	0.010178
75	0	0.060071
75	10	0.057589
75	20	0.051043
75	30	0.042527
75	40	0.034114
75	50	0.027056
75	60	0.021738
75	70	0.018012
75	80	0.015533
75	90	0.013943
75	100	0.012936
75	110	0.012269
75	120	0.011762
75	130	0.011301
75	140	0.010843
75	150	0.010401
75	160	0.010026
75	170	0.009774
75	180	0.009685
80	0	0.062678
80	10	0.059867
80	20	0.052519
80	30	0.043117
80	40	0.034030
80	50	0.026599
80	60	0.021148
80	70	0.017436
80	80	0.015042
80	90	0.013563
80	100	0.012664
80	110	0.012081
80	120	0.011618
80	130	0.011157
80	140	0.010661
80	150	0.010163
80	160	0.009733
80	170	0.009440
80	180	0.009337
30	0
0	0	0.029399
5	0	0.036915
5	10	0.036764
5	20	0.036322
5	30	0.035624
5	40	0.034720
5	50	0.033667
5	60	0.032528
5	70	0.031359
5	80	0.030208
5	90	0.029112
5	100	0.028098
5	110	0.027185
5	120	0.026384
5	130	0.025702
5	140	0.025142
5	150	0.024706
5	160	0.024394
5	170	0.024207
5	180	0.024145
10	0	0.046843
10	10	0.046377
10	20	0.045043
10	30	0.043014
10	40	0.040527
10	50	0.037829
10	60	0.035132
10	70	0.032589
10	80	0.030292
10	90	0.028280
10	100	0.026556
10	110	0.025102
10	120	0.023892
10	130	0.022899
10	140	0.022105
10	150	0.021494
10	160	0.021060
10	170	0.020800
10	180	0.020714
15	0	0.058798
15	10	0.057770
15	20	0.054891
15	30	0.050701
15	40	0.045873
15	50	0.041017
15	60	0.036556
15	70	0.032711
15	80	0.029537
15	90	0.026985
15	100	0.024958
15	110	0.023344
15	120	0.022047
15	130	0.020995
15	140	0.020142
15	150	0.019472
15	160	0.018983
15	170	0.018684
15	180	0.018583
20	0	0.071727
20	10	0.069842
20	20	0.064692
20	30	0.057529
20	40	0.049781
20	50	0.042555
20	60	0.036454
20	70	0.031641
20	80	0.028014
20	90	0.025348
20	100	0.023393
20	110	0.021923
20	120	0.020762
20	130	0.019791
20	140	0.018957
20	150	0.018254
20	160	0.017711
20	170	0.017365
20	180	0.017246
25	0	0.084047
25	10	0.081062
25	20	0.073094
25	30	0.062490
25	40	0.051688
25	50	0.042302
25	60	0.034967
25	70	0.029638
25	80	0.025961
25	90	0.023504
25	100	0.021870
25	110	0.020724
25	120	0.019815
25	130	0.018989
25	140	0.018189
25	150	0.017442
25	160	0.016821
25	170	0.016409
25	180	0.016265
30	0	0.094020
30	10	0.089865
30	20	0.079002
30	30	0.065098
30	40	0.051656
30	50	0.040666
30	60	0.032619
30	70	0.027166
30	80	0.023691
30	90	0.021591
30	100	0.020358
30	110	0.019581
30	120	0.018947
30	130	0.018269
30	140	0.017494
30	150	0.016688
30	160	0.015977
30	170	0.015491
30	180	0.015318
35	0	0.100268
35	10	0.095123
35	20	0.081893
35	30	0.065469
35	40	0.050223
35	50	0.038321
35	60	0.030021
35	70	0.024682
35	80	0.021486
35	90	0.019724
35	100	0.018832
35	110	0.018355
35	120	0.017944
35	130	0.017386
35	140	0.016631
35	150	0.015778
35	160	0.014998
35	170	0.014458
35	180	0.014265
40	0	0.102284
40	10	0.096541
40	20	0.081932
40	30	0.064151
40	40	0.048073
40	50	0.035884
40	60	0.027638
40	70	0.022497
40	80	0.019532
40	90	0.017993
40	100	0.017301
40	110	0.016997
40	120	0.016719
40	130	0.016243
40	140	0.015524
40	150	0.014675
40	160	0.013885
40	170	0.013334
40	180	0.013137
45	0	0.100789
45	10	0.094886
45	20	0.079940
45	30	0.061912
45	40	0.045804
45	50	0.033751
45	60	0.025701
45	70	0.020738
45	80	0.017906
45	90	0.016453
45	100	0.015819
45	110	0.015561
45	120	0.015333
45	130	0.014917
45	140	0.014267
45	150	0.013486
45	160	0.012754
45	170	0.012242
45	180	0.012059
50	0	0.097642
50	10	0.091859
50	20	0.077225
50	30	0.059591
50	40	0.043856
50	50	0.032098
50	60	0.024247
50	70	0.019395
50	80	0.016601
50	90	0.015135
50	100	0.014462
50	110	0.014171
50	120	0.013945
50	130	0.013583
50	140	0.013029
50	150	0.012364
50	160	0.011737
50	170	0.011296
50	180	0.011138
55	0	0.095288
55	10	0.089627
55	20	0.075290
55	30	0.057992
55	40	0.042530
55	50	0.030953
55	60	0.023199
55	70	0.018377
55	80	0.015563
55	90	0.014043
55	100	0.013304
55	110	0.012963
55	120	0.012730
55	130	0.012417
55	140	0.011963
55	150	0.011419
55	160	0.010904
55	170	0.010538
55	180	0.010407
60	0	0.096108
60	10	0.090275
60	20	0.075532
60	30	0.057802
60	40	0.042027
60	50	0.030274
60	60	0.022436
60	70	0.017572
60	80	0.014724
60	90	0.013167
60	100	0.012393
60	110	0.012030
60	120	0.011803
60	130	0.011533
60	140	0.011149
60	150	0.010688
60	160	0.010247
60	170	0.009932
60	180	0.009818
65	0	0.102042
65	10	0.095483
65	20	0.079023
65	30	0.059500
65	40	0.042442
65	50	0.029988
65	60	0.021846
65	70	0.016884
65	80	0.014025
65	90	0.012488
65	100	0.011742
65	110	0.011408
65	120	0.011209
65	130	0.010962
65	140	0.010596
65	150	0.010146
65	160	0.009712
65	170	0.009401
65	180	0.009289
70	0	0.114339
70	10	0.106276
70	20	0.086318
70	30	0.063238
70	40	0.043731
70	50	0.030005
70	60	0.021354
70	70	0.016263
70	80	0.013433
70	90	0.011981
70	100	0.011330
70	110	0.011078
70	120	0.010925
70	130	0.010675
70	140	0.010263
70	150	0.009744
70	160	0.009244
70	170	0.008888
70	180	0.008759
75	0	0.132855
75	10	0.122418
75	20	0.097042
75	30	0.068645
75	40	0.045654
75	50	0.030219
75	60	0.020935
75	70	0.015709
75	80	0.012941
75	90	0.011619
75	100	0.011111
75	110	0.010976
75	120	0.010878
75	130	0.010601
75	140	0.010090
75	150	0.009440
75	160	0.008819
75	170	0.008383
75	180	0.008228
80	0	0.154660
80	10	0.141266
80	20	0.109274
80	30	0.074627
80	40	0.047741
80	50	0.030509
80	60	0.020600
80	70	0.015258
80	80	0.012563
80	90	0.011380
80	100	0.011023
80	110	0.011012
80	120	0.010967
80	130	0.010648
80	140	0.010015
80	150	0.009213
80	160	0.008460
80	170	0.007939
80	180	0.007755
40	0
0	0	0.022921
5	0	0.027916
5	10	0.027811
5	20	0.027507
5	30	0.027029
5	40	0.026415
5	50	0.025709
5	60	0.024954
5	70	0.024192
5	80	0.023453
5	90	0.022762
5	100	0.022135
5	110	0.021579
5	120	0.021098
5	130	0.020695
5	140	0.020366
5	150	0.020113
5	160	0.019933
5	170	0.019825
5	180	0.019789
10	0	0.035543
10	10	0.035183
10	20	0.034157
10	30	0.032615
10	40	0.030756
10	50	0.028784
10	60	0.026864
10	70	0.025111
10	80	0.023582
10	90	0.022293
10	100	0.021232
10	110	0.020368
10	120	0.019670
10	130	0.019108
10	140	0.018662
10	150	0.018317
10	160	0.018070
10	170	0.017921
10	180	0.017871
15	0	0.046636
15	10	0.045732
15	20	0.043227
15	30	0.039647
15	40	0.035628
15	50	0.031715
15	60	0.028262
15	70	0.025423
15	80	0.023207
15	90	0.021535
15	100	0.020297
15	110	0.019372
15	120	0.018658
15	130	0.018081
15	140	0.017597
15	150	0.017196
15	160	0.016887
15	170	0.016690
15	180	0.016622
20	0	0.061815
20	10	0.059903
20	20	0.054753
20	30	0.047781
20	40	0.040517
20	50	0.034044
20	60	0.028860
20	70	0.025015
20	80	0.022326
20	90	0.020527
20	100	0.019351
20	110	0.018556
20	120	0.017955
20	130	0.017420
20	140	0.016897
20	150	0.016399
20	160	0.015975
20	170	0.015689
20	180	0.015587
25	0	0.080923
25	10	0.077388
25	20	0.068141
25	30	0.056296
25	40	0.044834
25	50	0.035456
25	60	0.028595
25	70	0.023964
25	80	0.021044
25	90	0.019324
25	100	0.018366
25	110	0.017809
25	120	0.017373
25	130	0.016881
25	140	0.016278
25	150	0.015619
25	160	0.015021
25	170	0.014605
25	180	0.014456
30	0	0.102284
30	10	0.096541
30	20	0.081932
30	30	0.064151
30	40	0.048073
30	50	0.035884
30	60	0.027638
30	70	0.022497
30	80	0.019532
30	90	0.017993
30	100	0.017301
30	110	0.016997
30	120	0.016719
30	130	0.016243
30	140	0.015524
30	150	0.014675
30	160	0.013885
30	170	0.013334
30	180	0.013137
35	0	0.122464
35	10	0.114286
35	20	0.093952
35	30	0.070233
35	40	0.049946
35	50	0.035485
35	60	0.026284
35	70	0.020881
35	80	0.017968
35	90	0.016609
35	100	0.016137
35	110	0.016027
35	120	0.015862
35	130	0.015384
35	140	0.014561
35	150	0.013559
35	160	0.012627
35	170	0.011981
35	180	0.011752
40	0	0.137479
40	10	0.127229
40	20	0.102158
40	30	0.073785
40	40	0.050459
40	50	0.034533
40	60	0.024817
40	70	0.019329
40	80	0.016488
40	90	0.015246
40	100	0.014896
40	110	0.014892
40	120	0.014792
40	130	0.014324
40	140	0.013466
40	150	0.012409
40	160	0.011430
40	170	0.010756
40	180	0.010518
45	0	0.145310
45	10	0.133790
45	20	0.105881
45	30	0.074849
45	40	0.049917
45	50	0.033317
45	60	0.023428
45	70	0.017954
45	80	0.015164
45	90	0.013964
45	100	0.013646
45	110	0.013673
45	120	0.013614
45	130	0.013198
45	140	0.012397
45	150	0.011398
45	160	0.010469
45	170	0.009829
45	180	0.009603
50	0	0.147744
50	10	0.135661
50	20	0.106521
50	30	0.074394
50	40	0.048874
50	50	0.032093
50	60	0.022209
50	70	0.016781
50	80	0.014016
50	90	0.012812
50	100	0.012475
50	110	0.012502
50	120	0.012487
50	130	0.012169
50	140	0.011503
50	150	0.010642
50	160	0.009825
50	170	0.009256
50	180	0.009054
55	0	0.149768
55	10	0.137220
55	20	0.107061
55	30	0.074023
55	40	0.048006
55	50	0.031065
55	60	0.021177
55	70	0.015778
55	80	0.013028
55	90	0.011814
55	100	0.011465
55	110	0.011503
55	120	0.011554
55	130	0.011362
55	140	0.010859
55	150	0.010158
55	160	0.009468
55	170	0.008978
55	180	0.008802
60	0	0.157563
60	10	0.143807
60	20	0.110969
60	30	0.075453
60	40	0.047956
60	50	0.030384
60	60	0.020313
60	70	0.014898
60	80	0.012171
60	90	0.010983
60	100	0.010665
60	110	0.010758
60	120	0.010900
60	130	0.010832
60	140	0.010464
60	150	0.009886
60	160	0.009286
60	170	0.008848
60	180	0.008689
65	0	0.177245
65	10	0.160605
65	20	0.121427
65	30	0.080120
65	40	0.049190
65	50	0.030135
65	60	0.019594
65	70	0.014103
65	80	0.011423
65	90	0.010316
65	100	0.010092
65	110	0.010292
65	120	0.010544
65	130	0.010570
65	140	0.010265
65	150	0.009717
65	160	0.009126
65	170	0.008687
65	180	0.008527
70	0	0.214415
70	10	0.192162
70	20	0.140873
70	30	0.088880
70	40	0.051885
70	50	0.030320
70	60	0.019004
70	70	0.013386
70	80	0.010778
70	90	0.009801
70	100	0.009729
70	110	0.010081
70	120	0.010451
70	130	0.010523
70	140	0.010184
70	150	0.009551
70	160	0.008869
70	170	0.008367
70	180	0.008185
75	0	0.272099
75	10	0.240602
75	20	0.169874
75	30	0.101516
75	40	0.055786
75	50	0.030837
75	60	0.018540
75	70	0.012767
75	80	0.010244
75	90	0.009424
75	100	0.009536
75	110	0.010064
75	120	0.010547
75	130	0.010615
75	140	0.010152
75	150	0.009338
75	160	0.008493
75	170	0.007888
75	180	0.007671
80	0	0.344489
80	10	0.300624
80	20	0.204580
80	30	0.115951
80	40	0.060090
80	50	0.031491
80	60	0.018204
80	70	0.012283
80	80	0.009841
80	90	0.009168
80	100	0.009457
80	110	0.010155
80	120	0.010733
80	130	0.010760
80	140	0.010130
80	150	0.009104
80	160	0.008082
80	170	0.007372
80	180	0.007122
50	0
0	0	0.020367
5	0	0.024579
5	10	0.024489
5	20	0.024225
5	30	0.023811
5	40	0.023280
5	50	0.022672
5	60	0.022025
5	70	0.021374
5	80	0.020747
5	90	0.020164
5	100	0.019638
5	110	0.019177
5	120	0.018781
5	130	0.018451
5	140	0.018185
5	150	0.017981
5	160	0.017836
5	170	0.017750
5	180	0.017722
10	0	0.031167
10	10	0.030847
10	20	0.029938
10	30	0.028573
10	40	0.026933
10	50	0.025199
10	60	0.023519
10	70	0.021995
10	80	0.020678
10	90	0.019581
10	100	0.018690
10	110	0.017977
10	120	0.017412
10	130	0.016966
10	140	0.016618
10	150	0.016352
10	160	0.016164
10	170	0.016050
10	180	0.016012
15	0	0.041109
15	10	0.040290
15	20	0.038024
15	30	0.034792
15	40	0.031175
15	50	0.027671
15	60	0.024594
15	70	0.022080
15	80	0.020136
15	90	0.018689
15	100	0.017637
15	110	0.016874
15	120	0.016303
15	130	0.015856
15	140	0.015489
15	150	0.015187
15	160	0.014954
15	170	0.014806
15	180	0.014754
20	0	0.055367
20	10	0.053590
20	20	0.048814
20	30	0.042372
20	40	0.035694
20	50	0.029777
20	60	0.025067
20	70	0.021595
20	80	0.019183
20	90	0.017586
20	100	0.016561
20	110	0.015893
20	120	0.015413
20	130	0.015003
20	140	0.014609
20	150	0.014230
20	160	0.013905
20	170	0.013683
20	180	0.013604
25	0	0.074425
25	10	0.071027
25	20	0.062168
25	30	0.050887
25	40	0.040061
25	50	0.031281
25	60	0.024910
25	70	0.020637
25	80	0.017952
25	90	0.016373
25	100	0.015499
25	110	0.015009
25	120	0.014656
25	130	0.014279
25	140	0.013819
25	150	0.013309
25	160	0.012840
25	170	0.012512
25	180	0.012394
30	0	0.097642
30	10	0.091859
30	20	0.077225
30	30	0.059591
30	40	0.043856
30	50	0.032098
30	60	0.024247
30	70	0.019395
30	80	0.016601
30	90	0.015135
30	100	0.014462
30	110	0.014171
30	120	0.013945
30	130	0.013583
30	140	0.013029
30	150	0.012364
30	160	0.011737
30	170	0.011296
30	180	0.011138
35	0	0.122969
35	10	0.114174
35	20	0.092499
35	30	0.067625
35	40	0.046804
35	50	0.032307
35	60	0.023280
35	70	0.018061
35	80	0.015261
35	90	0.013935
35	100	0.013452
35	110	0.013339
35	120	0.013224
35	130	0.012873
35	140	0.012237
35	150	0.011441
35	160	0.010689
35	170	0.010162
35	180	0.009975
40	0	0.147744
40	10	0.135661
40	20	0.106521
40	30	0.074394
40	40	0.048874
40	50	0.032093
40	60	0.022209
40	70	0.016781
40	80	0.014016
40	90	0.012812
40	100	0.012475
40	110	0.012502
40	120	0.012487
40	130	0.012169
40	140	0.011503
40	150	0.010642
40	160	0.009825
40	170	0.009256
40	180	0.009054
45	0	0.170569
45	10	0.155210
45	20	0.118804
45	30	0.079922
45	40	0.050291
45	50	0.031670
45	60	0.021170
45	70	0.015622
45	80	0.012900
45	90	0.011783
45	100	0.011550
45	110	0.011687
45	120	0.011775
45	130	0.011533
45	140	0.010906
45	150	0.010055
45	160	0.009236
45	170	0.008663
45	180	0.008459
50	0	0.193066
50	10	0.174318
50	20	0.130518
50	30	0.084982
50	40	0.051484
50	50	0.031230
50	60	0.020222
50	70	0.014590
50	80	0.011905
50	90	0.010855
50	100	0.010703
50	110	0.010942
50	120	0.011150
50	130	0.011029
50	140	0.010501
50	150	0.009718
50	160	0.008937
50	170	0.008384
50	180	0.008186
55	0	0.220367
55	10	0.197377
55	20	0.144461
55	30	0.090946
55	40	0.052980
55	50	0.030915
55	60	0.019371
55	70	0.013654
55	80	0.011010
55	90	0.010028
55	100	0.009963
55	110	0.010317
55	120	0.010670
55	130	0.010699
55	140	0.010298
55	150	0.009601
55	160	0.008868
55	170	0.008336
55	180	0.008144
60	0	0.260619
60	10	0.231150
60	20	0.164555
60	30	0.099456
60	40	0.055278
60	50	0.030817
60	60	0.018595
60	70	0.012780
60	80	0.010192
60	90	0.009301
60	100	0.009350
60	110	0.009848
60	120	0.010366
60	130	0.010550
60	140	0.010260
60	150	0.009619
60	160	0.008904
60	170	0.008372
60	180	0.008178
65	0	0.324309
65	10	0.284050
65	20	0.195200
65	30	0.112049
65	40	0.058734
65	50	0.030970
65	60	0.017877
65	70	0.011954
65	80	0.009445
65	90	0.008676
65	100	0.008872
65	110	0.009545
65	120	0.010240
65	130	0.010557
65	140	0.010320
65	150	0.009661
65	160	0.008898
65	170	0.008326
65	180	0.008117
70	0	0.422516
70	10	0.364524
70	20	0.240122
70	30	0.129626
70	40	0.063416
70	50	0.031351
70	60	0.017220
70	70	0.011188
70	80	0.008779
70	90	0.008156
70	100	0.008525
70	110	0.009393
70	120	0.010266
70	130	0.010672
70	140	0.010403
70	150	0.009632
70	160	0.008747
70	170	0.008090
70	180	0.007853
75	0	0.560493
75	10	0.475841
75	20	0.299637
75	30	0.151558
75	40	0.068951
75	50	0.031879
75	60	0.016649
75	70	0.010521
75	80	0.008220
75	90	0.007744
75	100	0.008291
75	110	0.009358
75	120	0.010392
75	130	0.010836
75	140	0.010457
75	150	0.009499
75	160	0.008442
75	170	0.007681
75	180	0.007409
80	0	0.723755
80	10	0.605559
80	20	0.366102
80	30	0.174622
80	40	0.074433
80	50	0.032423
80	60	0.016200
80	70	0.010001
80	80	0.007796
80	90	0.007446
80	100	0.008148
80	110	0.009389
80	120	0.010552
80	130	0.010994
80	140	0.010469
80	150	0.009305
80	160	0.008080
80	170	0.007222
80	180	0.006921
60	0
0	0	0.019004
5	0	0.023397
5	10	0.023302
5	20	0.023027
5	30	0.022594
5	40	0.022039
5	50	0.021401
5	60	0.020721
5	70	0.020035
5	80	0.019372
5	90	0.018754
5	100	0.018194
5	110	0.017701
5	120	0.017278
5	130	0.016924
5	140	0.016638
5	150	0.016418
5	160	0.016262
5	170	0.016170
5	180	0.016139
10	0	0.030117
10	10	0.029787
10	20	0.028849
10	30	0.027439
10	40	0.025741
10	50	0.023943
10	60	0.022194
10	70	0.020600
10	80	0.019212
10	90	0.018046
10	100	0.017091
10	110	0.016321
10	120	0.015708
10	130	0.015223
10	140	0.014845
10	150	0.014560
10	160	0.014360
10	170	0.014240
10	180	0.014200
15	0	0.040100
15	10	0.039265
15	20	0.036951
15	30	0.033648
15	40	0.029948
15	50	0.026353
15	60	0.023183
15	70	0.020576
15	80	0.018535
15	90	0.016994
15	100	0.015852
15	110	0.015009
15	120	0.014377
15	130	0.013888
15	140	0.013501
15	150	0.013195
15	160	0.012968
15	170	0.012827
15	180	0.012778
20	0	0.054201
20	10	0.052408
20	20	0.047584
20	30	0.041075
20	40	0.034320
20	50	0.028324
20	60	0.023529
20	70	0.019965
20	80	0.017450
20	90	0.015743
20	100	0.014608
20	110	0.013846
20	120	0.013302
20	130	0.012868
20	140	0.012489
20	150	0.012152
20	160	0.011876
20	170	0.011694
20	180	0.011630
25	0	0.072880
25	10	0.069475
25	20	0.060598
25	30	0.049294
25	40	0.038443
25	50	0.029638
25	60	0.023229
25	70	0.018896
25	80	0.016123
25	90	0.014432
25	100	0.013442
25	110	0.012856
25	120	0.012458
25	130	0.012101
25	140	0.011723
25	150	0.011331
25	160	0.010980
25	170	0.010735
25	180	0.010648
30	0	0.096108
30	10	0.090275
30	20	0.075532
30	30	0.057802
30	40	0.042027
30	50	0.030274
30	60	0.022436
30	70	0.017572
30	80	0.014724
30	90	0.013167
30	100	0.012393
30	110	0.012030
30	120	0.011803
30	130	0.011533
30	140	0.011149
30	150	0.010688
30	160	0.010247
30	170	0.009932
30	180	0.009818
35	0	0.123913
35	10	0.114709
35	20	0.092118
35	30	0.066391
35	40	0.045083
35	50	0.030421
35	60	0.021388
35	70	0.016191
35	80	0.013382
35	90	0.012010
35	100	0.011470
35	110	0.011340
35	120	0.011296
35	130	0.011120
35	140	0.010736
35	150	0.010209
35	160	0.009681
35	170	0.009300
35	180	0.009161
40	0	0.157563
40	10	0.143807
40	20	0.110969
40	30	0.075453
40	40	0.047956
40	50	0.030384
40	60	0.020313
40	70	0.014898
40	80	0.012171
40	90	0.010983
40	100	0.010665
40	110	0.010758
40	120	0.010900
40	130	0.010832
40	140	0.010464
40	150	0.009886
40	160	0.009286
40	170	0.008848
40	180	0.008689
45	0	0.200800
45	10	0.180706
45	20	0.134026
45	30	0.086005
45	40	0.051179
45	50	0.030454
45	60	0.019364
45	70	0.013760
45	80	0.011112
45	90	0.010086
45	100	0.009962
45	110	0.010265
45	120	0.010594
45	130	0.010648
45	140	0.010314
45	150	0.009702
45	160	0.009042
45	170	0.008557
45	180	0.008380
50	0	0.260619
50	10	0.231150
50	20	0.164555
50	30	0.099456
50	40	0.055278
50	50	0.030817
50	60	0.018595
50	70	0.012780
50	80	0.010192
50	90	0.009301
50	100	0.009350
50	110	0.009848
50	120	0.010366
50	130	0.010550
50	140	0.010260
50	150	0.009619
50	160	0.008904
50	170	0.008372
50	180	0.008178
55	0	0.347469
55	10	0.303430
55	20	0.206772
55	30	0.117234
55	40	0.060585
55	50	0.031507
55	60	0.017979
55	70	0.011926
55	80	0.009384
55	90	0.008613
55	100	0.008818
55	110	0.009504
55	120	0.010210
55	130	0.010526
55	140	0.010272
55	150	0.009590
55	160	0.008806
55	170	0.008220
55	180	0.008007
60	0	0.474349
60	10	0.407403
60	20	0.264950
60	30	0.140315
60	40	0.067107
60	50	0.032421
60	60	0.017446
60	70	0.011154
60	80	0.008662
60	90	0.008006
60	100	0.008363
60	110	0.009235
60	120	0.010126
60	130	0.010560
60	140	0.010316
60	150	0.009562
60	160	0.008684
60	170	0.008031
60	180	0.007795
65	0	0.653215
65	10	0.551429
65	20	0.341651
65	30	0.168612
65	40	0.074461
65	50	0.033367
65	60	0.016924
65	70	0.010439
65	80	0.008015
65	90	0.007477
65	100	0.007982
65	110	0.009037
65	120	0.010107
65	130	0.010637
65	140	0.010365
65	150	0.009497
65	160	0.008498
65	170	0.007764
65	180	0.007500
70	0	0.886963
70	10	0.736203
70	20	0.435011
70	30	0.200415
70	40	0.081919
70	50	0.034151
70	60	0.016382
70	70	0.009781
70	80	0.007448
70	90	0.007027
70	100	0.007675
70	110	0.008907
70	120	0.010142
70	130	0.010740
70	140	0.010399
70	150	0.009384
70	160	0.008245
70	170	0.007425
70	180	0.007134
75	0	1.158421
75	10	0.946992
75	20	0.536204
75	30	0.232262
75	40	0.088613
75	50	0.034659
75	60	0.015841
75	70	0.009206
75	80	0.006975
75	90	0.006664
75	100	0.007441
75	110	0.008831
75	120	0.010210
75	130	0.010849
75	140	0.010415
75	150	0.009238
75	160	0.007960
75	170	0.007061
75	180	0.006746
80	0	1.423895
80	10	1.149972
80	20	0.629404
80	30	0.259606
80	40	0.093795
80	50	0.034898
80	60	0.015367
80	70	0.008755
80	80	0.006618
80	90	0.006396
80	100	0.007276
80	110	0.008795
80	120	0.010286
80	130	0.010946
80	140	0.010415
80	150	0.009093
80	160	0.007700
80	170	0.006739
80	180	0.006407
70	0
0	0	0.017345
5	0	0.021809
5	10	0.021713
5	20	0.021432
5	30	0.020991
5	40	0.020427
5	50	0.019782
5	60	0.019097
5	70	0.018409
5	80	0.017746
5	90	0.017130
5	100	0.016574
5	110	0.016084
5	120	0.015663
5	130	0.015310
5	140	0.015025
5	150	0.014805
5	160	0.014649
5	170	0.014555
5	180	0.014524
10	0	0.028990
10	10	0.028637
10	20	0.027635
10	30	0.026141
10	40	0.024358
10	50	0.022489
10	60	0.020693
10	70	0.019073
10	80	0.017678
10	90	0.016515
10	100	0.015567
10	110	0.014802
10	120	0.014189
10	130	0.013699
10	140	0.013312
10	150	0.013015
10	160	0.012804
10	170	0.012676
10	180	0.012634
15	0	0.040331
15	10	0.039383
15	20	0.036775
15	30	0.033100
15	40	0.029050
15	50	0.025193
15	60	0.021862
15	70	0.019177
15	80	0.017116
15	90	0.015582
15	100	0.014455
15	110	0.013622
15	120	0.012986
15	130	0.012480
15	140	0.012064
15	150	0.011726
15	160	0.011470
15	170	0.011308
15	180	0.011252
20	0	0.057455
20	10	0.055286
20	20	0.049515
20	30	0.041881
20	40	0.034166
20	50	0.027524
20	60	0.022378
20	70	0.018668
20	80	0.016125
20	90	0.014441
20	100	0.013341
20	110	0.012603
20	120	0.012059
20	130	0.011601
20	140	0.011178
20	150	0.010790
20	160	0.010468
20	170	0.010254
20	180	0.010178
25	0	0.081766
25	10	0.077367
25	20	0.066075
25	30	0.052104
25	40	0.039195
25	50	0.029160
25	60	0.022168
25	70	0.017633
25	80	0.014843
25	90	0.013208
25	100	0.012288
25	110	0.011760
25	120	0.011386
25	130	0.011016
25	140	0.010592
25	150	0.010141
25	160	0.009733
25	170	0.009451
25	180	0.009350
30	0	0.114339
30	10	0.106276
30	20	0.086318
30	30	0.063238
30	40	0.043731
30	50	0.030005
30	60	0.021354
30	70	0.016263
30	80	0.013433
30	90	0.011981
30	100	0.011330
30	110	0.011078
30	120	0.010925
30	130	0.010675
30	140	0.010263
30	150	0.009744
30	160	0.009244
30	170	0.008888
30	180	0.008759
35	0	0.156957
35	10	0.143267
35	20	0.110576
35	30	0.075198
35	40	0.047788
35	50	0.030258
35	60	0.020202
35	70	0.014785
35	80	0.012044
35	90	0.010831
35	100	0.010478
35	110	0.010529
35	120	0.010630
35	130	0.010530
35	140	0.010147
35	150	0.009568
35	160	0.008976
35	170	0.008546
35	180	0.008391
40	0	0.214415
40	10	0.192162
40	20	0.140873
40	30	0.088880
40	40	0.051885
40	50	0.030320
40	60	0.019004
40	70	0.013386
40	80	0.010778
40	90	0.009801
40	100	0.009729
40	110	0.010081
40	120	0.010451
40	130	0.010523
40	140	0.010184
40	150	0.009551
40	160	0.008869
40	170	0.008367
40	180	0.008185
45	0	0.297112
45	10	0.261334
45	20	0.181759
45	30	0.106208
45	40	0.056842
45	50	0.030598
45	60	0.017978
45	70	0.012175
45	80	0.009686
45	90	0.008909
45	100	0.009080
45	110	0.009709
45	120	0.010341
45	130	0.010590
45	140	0.010296
45	150	0.009605
45	160	0.008827
45	170	0.008251
45	180	0.008042
50	0	0.422516
50	10	0.364524
50	20	0.240122
50	30	0.129626
50	40	0.063416
50	50	0.031351
50	60	0.017220
50	70	0.011188
50	80	0.008779
50	90	0.008156
50	100	0.008525
50	110	0.009393
50	120	0.010266
50	130	0.010672
50	140	0.010403
50	150	0.009632
50	160	0.008747
50	170	0.008090
50	180	0.007853
55	0	0.613233
55	10	0.518782
55	20	0.323390
55	30	0.161076
55	40	0.071926
55	50	0.032607
55	60	0.016718
55	70	0.010405
55	80	0.008042
55	90	0.007533
55	100	0.008058
55	110	0.009127
55	120	0.010201
55	130	0.010726
55	140	0.010443
55	150	0.009563
55	160	0.008554
55	170	0.007814
55	180	0.007549
60	0	0.886963
60	10	0.736203
60	20	0.435011
60	30	0.200415
60	40	0.081919
60	50	0.034151
60	60	0.016382
60	70	0.009781
60	80	0.007448
60	90	0.007027
60	100	0.007675
60	110	0.008907
60	120	0.010142
60	130	0.010740
60	140	0.010399
60	150	0.009384
60	160	0.008245
60	170	0.007425
60	180	0.007134
65	0	1.235967
65	10	1.008410
65	20	0.567784
65	30	0.243845
65	40	0.092064
65	50	0.035609
65	60	0.016101
65	70	0.009270
65	80	0.006971
65	90	0.006624
65	100	0.007372
65	110	0.008735
65	120	0.010092
65	130	0.010724
65	140	0.010298
65	150	0.009137
65	160	0.007875
65	170	0.006986
65	180	0.006675
70	0	1.610378
70	10	1.295440
70	20	0.701030
70	30	0.284225
70	40	0.100577
70	50	0.036611
70	60	0.015792
70	70	0.008840
70	80	0.006592
70	90	0.006312
70	100	0.007141
70	110	0.008609
70	120	0.010060
70	130	0.010703
70	140	0.010183
70	150	0.008887
70	160	0.007522
70	170	0.006581
70	180	0.006255
75	0	1.934378
75	10	1.539922
75	20	0.809330
75	30	0.314555
75	40	0.106173
75	50	0.036995
75	60	0.015436
75	70	0.008480
75	80	0.006299
75	90	0.006079
75	100	0.006975
75	110	0.008527
75	120	0.010049
75	130	0.010694
75	140	0.010092
75	150	0.008688
75	160	0.007244
75	170	0.006265
75	180	0.005930
80	0	2.154158
80	10	1.703325
80	20	0.878447
80	30	0.332256
80	40	0.108818
80	50	0.036889
80	60	0.015084
80	70	0.008202
80	80	0.006089
80	90	0.005918
80	100	0.006864
80	110	0.008479
80	120	0.010055
80	130	0.010702
80	140	0.010041
80	150	0.008560
80	160	0.007062
80	170	0.006059
80	180	0.005717
80	0
0	0	0.015663
5	0	0.019795
5	10	0.019705
5	20	0.019440
5	30	0.019028
5	40	0.018504
5	50	0.017910
5	60	0.017284
5	70	0.016662
5	80	0.016070
5	90	0.015524
5	100	0.015035
5	110	0.014606
5	120	0.014239
5	130	0.013932
5	140	0.013683
5	150	0.013490
5	160	0.013353
5	170	0.013270
5	180	0.013243
10	0	0.027152
10	10	0.026788
10	20	0.025763
10	30	0.024249
10	40	0.022471
10	50	0.020643
10	60	0.018927
10	70	0.017416
10	80	0.016147
10	90	0.015114
10	100	0.014286
10	110	0.013625
10	120	0.013092
10	130	0.012659
10	140	0.012306
10	150	0.012026
10	160	0.011821
10	170	0.011694
10	180	0.011651
15	0	0.040211
15	10	0.039124
15	20	0.036164
15	30	0.032077
15	40	0.027699
15	50	0.023667
15	60	0.020314
15	70	0.017720
15	80	0.015810
15	90	0.014448
15	100	0.013484
15	110	0.012780
15	120	0.012229
15	130	0.011758
15	140	0.011337
15	150	0.010967
15	160	0.010671
15	170	0.010478
15	180	0.010411
20	0	0.062678
20	10	0.059867
20	20	0.052519
20	30	0.043117
20	40	0.034030
20	50	0.026599
20	60	0.021148
20	70	0.017436
20	80	0.015042
20	90	0.013563
20	100	0.012664
20	110	0.012081
20	120	0.011618
20	130	0.011157
20	140	0.010661
20	150	0.010163
20	160	0.009733
20	170	0.009440
20	180	0.009337
25	0	0.099222
25	10	0.092744
25	20	0.076550
25	30	0.057470
25	40	0.040939
25	50	0.028980
25	60	0.021235
25	70	0.016565
25	80	0.013913
25	90	0.012516
25	100	0.011841
25	110	0.011503
25	120	0.011214
25	130	0.010801
25	140	0.010227
25	150	0.009576
25	160	0.008984
25	170	0.008577
25	180	0.008432
30	0	0.154660
30	10	0.141266
30	20	0.109274
30	30	0.074627
30	40	0.047741
30	50	0.030509
30	60	0.020600
30	70	0.015258
30	80	0.012563
30	90	0.011380
30	100	0.011023
30	110	0.011012
30	120	0.010967
30	130	0.010648
30	140	0.010015
30	150	0.009213
30	160	0.008460
30	170	0.007939
30	180	0.007755
35	0	0.233911
35	10	0.208767
35	20	0.151326
35	30	0.094017
35	40	0.054046
35	50	0.031225
35	60	0.019479
35	70	0.013753
35	80	0.011158
35	90	0.010239
35	100	0.010221
35	110	0.010570
35	120	0.010823
35	130	0.010654
35	140	0.010000
35	150	0.009071
35	160	0.008173
35	170	0.007551
35	180	0.007332
40	0	0.344489
40	10	0.300624
40	20	0.204580
40	30	0.115951
40	40	0.060090
40	50	0.031491
40	60	0.018204
40	70	0.012283
40	80	0.009841
40	90	0.009168
40	100	0.009457
40	110	0.010155
40	120	0.010733
40	130	0.010760
40	140	0.010130
40	150	0.009104
40	160	0.008082
40	170	0.007372
40	180	0.007122
45	0	0.500554
45	10	0.427492
45	20	0.273800
45	30	0.142066
45	40	0.066624
45	50	0.031774
45	60	0.017058
45	70	0.011008
45	80	0.008707
45	90	0.008227
45	100	0.008756
45	110	0.009759
45	120	0.010652
45	130	0.010896
45	140	0.010319
45	150	0.009220
45	160	0.008092
45	170	0.007303
45	180	0.007026
50	0	0.723755
50	10	0.605559
50	20	0.366102
50	30	0.174622
50	40	0.074433
50	50	0.032423
50	60	0.016200
50	70	0.010001
50	80	0.007796
50	90	0.007446
50	100	0.008148
50	110	0.009389
50	120	0.010552
50	130	0.010994
50	140	0.010469
50	150	0.009305
50	160	0.008080
50	170	0.007222
50	180	0.006921
55	0	1.033847
55	10	0.848774
55	20	0.486503
55	30	0.214667
55	40	0.083747
55	50	0.033528
55	60	0.015659
55	70	0.009264
55	80	0.007107
55	90	0.006839
55	100	0.007651
55	110	0.009062
55	120	0.010426
55	130	0.011012
55	140	0.010506
55	150	0.009269
55	160	0.007955
55	170	0.007038
55	180	0.006719
60	0	1.423895
60	10	1.149972
60	20	0.629404
60	30	0.259606
60	40	0.093795
60	50	0.034898
60	60	0.015367
60	70	0.008755
60	80	0.006618
60	90	0.006396
60	100	0.007276
60	110	0.008795
60	120	0.010286
60	130	0.010946
60	140	0.010415
60	150	0.009093
60	160	0.007700
60	170	0.006739
60	180	0.006407
65	0	1.832309
65	10	1.461057
65	20	0.771486
65	30	0.301979
65	40	0.102806
65	50	0.036147
65	60	0.015212
65	70	0.008419
65	80	0.006291
65	90	0.006098
65	100	0.007018
65	110	0.008600
65	120	0.010155
65	130	0.010827
65	140	0.010237
65	150	0.008829
65	160	0.007373
65	170	0.006385
65	180	0.006045
70	0	2.154158
70	10	1.703325
70	20	0.878447
70	30	0.332256
70	40	0.108818
70	50	0.036889
70	60	0.015084
70	70	0.008202
70	80	0.006089
70	90	0.005918
70	100	0.006864
70	110	0.008479
70	120	0.010055
70	130	0.010702
70	140	0.010041
70	150	0.008560
70	160	0.007062
70	170	0.006059
70	180	0.005717
75	0	2.313500
75	10	1.821633
75	20	0.928472
75	30	0.345275
75	40	0.110974
75	50	0.036978
75	60	0.014927
75	70	0.008059
75	80	0.005976
75	90	0.005826
75	100	0.006790
75	110	0.008420
75	120	0.009995
75	130	0.010606
75	140	0.009884
75	150	0.008350
75	160	0.006827
75	170	0.005819
75	180	0.005478
80	0	2.326741
80	10	1.829987
80	20	0.929842
80	30	0.344311
80	40	0.110184
80	50	0.036592
80	60	0.014748
80	70	0.007967
80	80	0.005920
80	90	0.005789
80	100	0.006766
80	110	0.008404
80	120	0.009971
80	130	0.010551
80	140	0.009787
80	150	0.008223
80	160	0.006688
80	170	0.005680
80	180	0.005339
8.990000e+01	0
0	0	0.014953
5	0	0.018872
5	10	0.018784
5	20	0.018532
5	30	0.018139
5	40	0.017640
5	50	0.017077
5	60	0.016489
5	70	0.015906
5	80	0.015355
5	90	0.014850
5	100	0.014400
5	110	0.014007
5	120	0.013672
5	130	0.013391
5	140	0.013163
5	150	0.012986
5	160	0.012860
5	170	0.012785
5	180	0.012759
10	0	0.026221
10	10	0.025856
10	20	0.024830
10	30	0.023324
10	40	0.021569
10	50	0.019784
10	60	0.018126
10	70	0.016686
10	80	0.015494
10	90	0.014536
10	100	0.013779
10	110	0.013179
10	120	0.012694
10	130	0.012296
10	140	0.011965
10	150	0.011698
10	160	0.011498
10	170	0.011373
10	180	0.011330
15	0	0.040028
15	10	0.038878
15	20	0.035762
15	30	0.031503
15	40	0.027002
15	50	0.022925
15	60	0.019597
15	70	0.017074
15	80	0.015261
15	90	0.014001
15	100	0.013131
15	110	0.012503
15	120	0.012004
15	130	0.011558
15	140	0.011138
15	150	0.010754
15	160	0.010439
15	170	0.010230
15	180	0.010157
20	0	0.065344
20	10	0.062182
20	20	0.053988
20	30	0.043673
20	40	0.033918
20	50	0.026136
20	60	0.020578
20	70	0.016898
20	80	0.014602
20	90	0.013243
20	100	0.012459
20	110	0.011966
20	120	0.011552
20	130	0.011093
20	140	0.010559
20	150	0.010001
20	160	0.009512
20	170	0.009179
20	180	0.009061
25	0	0.109416
25	10	0.101636
25	20	0.082442
25	30	0.060373
25	40	0.041850
25	50	0.028912
25	60	0.020823
25	70	0.016116
25	80	0.013554
25	90	0.012289
25	100	0.011752
25	110	0.011522
25	120	0.011280
25	130	0.010839
25	140	0.010177
25	150	0.009412
25	160	0.008719
25	170	0.008245
25	180	0.008078
30	0	0.180606
30	10	0.163495
30	20	0.123352
30	30	0.081282
30	40	0.049995
30	50	0.030840
30	60	0.020303
30	70	0.014856
30	80	0.012241
30	90	0.011200
30	100	0.011002
30	110	0.011121
30	120	0.011129
30	130	0.010757
30	140	0.009985
30	150	0.009017
30	160	0.008126
30	170	0.007521
30	180	0.007309
35	0	0.286935
35	10	0.253185
35	20	0.177772
35	30	0.105517
35	40	0.057682
35	50	0.031848
35	60	0.019226
35	70	0.013356
35	80	0.010837
35	90	0.010064
35	100	0.010219
35	110	0.010721
35	120	0.011042
35	130	0.010804
35	140	0.009973
35	150	0.008837
35	160	0.007776
35	170	0.007060
35	180	0.006811
40	0	0.437027
40	10	0.376370
40	20	0.246847
40	30	0.132687
40	40	0.064859
40	50	0.032238
40	60	0.017932
40	70	0.011867
40	80	0.009503
40	90	0.008973
40	100	0.009436
40	110	0.010304
40	120	0.010968
40	130	0.010929
40	140	0.010102
40	150	0.008845
40	160	0.007647
40	170	0.006839
40	180	0.006560
45	0	0.643654
45	10	0.542011
45	20	0.333749
45	30	0.163649
45	40	0.072095
45	50	0.032486
45	60	0.016732
45	70	0.010572
45	80	0.008353
45	90	0.008004
45	100	0.008698
45	110	0.009874
45	120	0.010871
45	130	0.011064
45	140	0.010292
45	150	0.008960
45	160	0.007655
45	170	0.006773
45	180	0.006468
50	0	0.923518
50	10	0.762034
50	20	0.443156
50	30	0.199895
50	40	0.080098
50	50	0.032983
50	60	0.015814
50	70	0.009558
50	80	0.007440
50	90	0.007206
50	100	0.008050
50	110	0.009455
50	120	0.010732
50	130	0.011146
50	140	0.010448
50	150	0.009070
50	160	0.007683
50	170	0.006741
50	180	0.006417
55	0	1.283921
55	10	1.040823
55	20	0.575850
55	30	0.241482
55	40	0.089042
55	50	0.033863
55	60	0.015228
55	70	0.008835
55	80	0.006770
55	90	0.006598
55	100	0.007527
55	110	0.009080
55	120	0.010556
55	130	0.011136
55	140	0.010494
55	150	0.009077
55	160	0.007628
55	170	0.006643
55	180	0.006304
60	0	1.694698
60	10	1.354343
60	20	0.719765
60	30	0.284567
60	40	0.098101
60	50	0.034974
60	60	0.014924
60	70	0.008367
60	80	0.006320
60	90	0.006176
60	100	0.007146
60	110	0.008778
60	120	0.010367
60	130	0.011035
60	140	0.010406
60	150	0.008948
60	160	0.007453
60	170	0.006442
60	180	0.006096
65	0	2.069153
65	10	1.637122
65	20	0.845867
65	30	0.320910
65	40	0.105543
65	50	0.035965
65	60	0.014794
65	70	0.008096
65	80	0.006051
65	90	0.005918
65	100	0.006903
65	110	0.008567
65	120	0.010197
65	130	0.010881
65	140	0.010224
65	150	0.008723
65	160	0.007198
65	170	0.006175
65	180	0.005827
70	0	2.299404
70	10	1.809545
70	20	0.920938
70	30	0.341784
70	40	0.109637
70	50	0.036485
70	60	0.014726
70	70	0.007961
70	80	0.005919
70	90	0.005793
70	100	0.006782
70	110	0.008448
70	120	0.010071
70	130	0.010723
70	140	0.010017
70	150	0.008476
70	160	0.006937
70	170	0.005915
70	180	0.005569
75	0	2.341041
75	10	1.839937
75	20	0.933064
75	30	0.344536
75	40	0.109920
75	50	0.036406
75	60	0.014647
75	70	0.007908
75	80	0.005881
75	90	0.005761
75	100	0.006749
75	110	0.008405
75	120	0.009998
75	130	0.010599
75	140	0.009844
75	150	0.008276
75	160	0.006733
75	170	0.005718
75	180	0.005375
80	0	2.253082
80	10	1.773110
80	20	0.902530
80	30	0.335150
80	40	0.107658
80	50	0.035913
80	60	0.014544
80	70	0.007894
80	80	0.005891
80	90	0.005780
80	100	0.006768
80	110	0.008410
80	120	0.009969
80	130	0.010524
80	140	0.009732
80	150	0.008149
80	160	0.006609
80	170	0.005601
80	180	0.005262
