type bsdf_data
format angles=deg bsdf=value scale=1
10	0
0	0	0.014958
5	0	0.016992
5	10	0.016950
5	20	0.016825
5	30	0.016624
5	40	0.016357
5	50	0.016036
5	60	0.015674
5	70	0.015287
5	80	0.014888
5	90	0.014491
5	100	0.014109
5	110	0.013751
5	120	0.013426
5	130	0.013141
5	140	0.012901
5	150	0.012711
5	160	0.012574
5	170	0.012490
5	180	0.012462
10	0	0.017930
10	10	0.017843
10	20	0.017586
10	30	0.017177
10	40	0.016644
10	50	0.016018
10	60	0.015334
10	70	0.014625
10	80	0.013918
10	90	0.013239
10	100	0.012605
10	110	0.012029
10	120	0.011522
10	130	0.011088
10	140	0.010731
10	150	0.010453
10	160	0.010254
10	170	0.010135
10	180	0.010095
15	0	0.017479
15	10	0.017357
15	20	0.017004
15	30	0.016450
15	40	0.015740
15	50	0.014926
15	60	0.014060
15	70	0.013187
15	80	0.012343
15	90	0.011554
15	100	0.010838
15	110	0.010205
15	120	0.009658
15	130	0.009199
15	140	0.008827
15	150	0.008541
15	160	0.008337
15	170	0.008216
15	180	0.008176
20	0	0.015890
20	10	0.015755
20	20	0.015366
20	30	0.014762
20	40	0.014002
20	50	0.013148
20	60	0.012260
20	70	0.011388
20	80	0.010565
20	90	0.009815
20	100	0.009149
20	110	0.008570
20	120	0.008078
20	130	0.007670
20	140	0.007342
20	150	0.007090
20	160	0.006913
20	170	0.006807
20	180	0.006772
25	0	0.013772
25	10	0.013641
25	20	0.013267
25	30	0.012693
25	40	0.011980
25	50	0.011194
25	60	0.010395
25	70	0.009625
25	80	0.008916
25	90	0.008282
25	100	0.007729
25	110	0.007256
25	120	0.006858
25	130	0.006531
25	140	0.006268
25	150	0.006067
25	160	0.005924
25	170	0.005839
25	180	0.005811
30	0	0.011711
30	10	0.011594
30	20	0.011261
30	30	0.010753
30	40	0.010132
30	50	0.009457
30	60	0.008783
30	70	0.008147
30	80	0.007573
30	90	0.007070
30	100	0.006639
30	110	0.006275
30	120	0.005973
30	130	0.005725
30	140	0.005526
30	150	0.005373
30	160	0.005265
30	170	0.005200
30	180	0.005178
35	0	0.010050
35	10	0.009948
35	20	0.009658
35	30	0.009219
35	40	0.008688
35	50	0.008118
35	60	0.007558
35	70	0.007039
35	80	0.006579
35	90	0.006184
35	100	0.005852
35	110	0.005577
35	120	0.005352
35	130	0.005168
35	140	0.005021
35	150	0.004908
35	160	0.004827
35	170	0.004778
35	180	0.004762
40	0	0.008886
40	10	0.008796
40	20	0.008539
40	30	0.008154
40	40	0.007689
40	50	0.007196
40	60	0.006716
40	70	0.006278
40	80	0.005895
40	90	0.005573
40	100	0.005308
40	110	0.005092
40	120	0.004918
40	130	0.004777
40	140	0.004665
40	150	0.004579
40	160	0.004518
40	170	0.004480
40	180	0.004468
45	0	0.008170
45	10	0.008087
45	20	0.007851
45	30	0.007498
45	40	0.007072
45	50	0.006623
45	60	0.006188
45	70	0.005793
45	80	0.005452
45	90	0.005168
45	100	0.004936
45	110	0.004750
45	120	0.004602
45	130	0.004485
45	140	0.004392
45	150	0.004321
45	160	0.004270
45	170	0.004239
45	180	0.004229
50	0	0.007792
50	10	0.007712
50	20	0.007484
50	30	0.007143
50	40	0.006733
50	50	0.006300
50	60	0.005880
50	70	0.005499
50	80	0.005170
50	90	0.004895
50	100	0.004672
50	110	0.004494
50	120	0.004353
50	130	0.004242
50	140	0.004154
50	150	0.004088
50	160	0.004041
50	170	0.004013
50	180	0.004003
55	0	0.007620
55	10	0.007540
55	20	0.007312
55	30	0.006969
55	40	0.006556
55	50	0.006119
55	60	0.005695
55	70	0.005309
55	80	0.004973
55	90	0.004693
55	100	0.004464
55	110	0.004280
55	120	0.004134
55	130	0.004019
55	140	0.003929
55	150	0.003861
55	160	0.003814
55	170	0.003785
55	180	0.003776
60	0	0.007529
60	10	0.007447
60	20	0.007212
60	30	0.006860
60	40	0.006435
60	50	0.005986
60	60	0.005549
60	70	0.005150
60	80	0.004803
60	90	0.004512
60	100	0.004273
60	110	0.004080
60	120	0.003927
60	130	0.003806
60	140	0.003711
60	150	0.003640
60	160	0.003590
60	170	0.003560
60	180	0.003550
65	0	0.007421
65	10	0.007335
65	20	0.007092
65	30	0.006728
65	40	0.006291
65	50	0.005829
65	60	0.005381
65	70	0.004974
65	80	0.004621
65	90	0.004325
65	100	0.004082
65	110	0.003886
65	120	0.003729
65	130	0.003605
65	140	0.003507
65	150	0.003434
65	160	0.003381
65	170	0.003350
65	180	0.003340
70	0	0.007247
70	10	0.007159
70	20	0.006909
70	30	0.006535
70	40	0.006090
70	50	0.005622
70	60	0.005173
70	70	0.004768
70	80	0.004420
70	90	0.004129
70	100	0.003892
70	110	0.003701
70	120	0.003547
70	130	0.003425
70	140	0.003328
70	150	0.003254
70	160	0.003201
70	170	0.003169
70	180	0.003158
75	0	0.007019
75	10	0.006929
75	20	0.006674
75	30	0.006296
75	40	0.005849
75	50	0.005384
75	60	0.004943
75	70	0.004549
75	80	0.004215
75	90	0.003939
75	100	0.003715
75	110	0.003536
75	120	0.003392
75	130	0.003276
75	140	0.003182
75	150	0.003110
75	160	0.003058
75	170	0.003026
75	180	0.003015
80	0	0.006788
80	10	0.006697
80	20	0.006441
80	30	0.006062
80	40	0.005618
80	50	0.005161
80	60	0.004732
80	70	0.004354
80	80	0.004037
80	90	0.003778
80	100	0.003571
80	110	0.003406
80	120	0.003273
80	130	0.003165
80	140	0.003077
80	150	0.003007
80	160	0.002955
80	170	0.002924
80	180	0.002913
20	0
0	0	0.010603
5	0	0.013241
5	10	0.013189
5	20	0.013036
5	30	0.012793
5	40	0.012473
5	50	0.012097
5	60	0.011682
5	70	0.011250
5	80	0.010815
5	90	0.010394
5	100	0.009999
5	110	0.009637
5	120	0.009315
5	130	0.009038
5	140	0.008809
5	150	0.008630
5	160	0.008501
5	170	0.008424
5	180	0.008398
10	0	0.015890
10	10	0.015755
10	20	0.015366
10	30	0.014762
10	40	0.014002
10	50	0.013148
10	60	0.012260
10	70	0.011388
10	80	0.010565
10	90	0.009815
10	100	0.009149
10	110	0.008570
10	120	0.008078
10	130	0.007670
10	140	0.007342
10	150	0.007090
10	160	0.006913
10	170	0.006807
10	180	0.006772
15	0	0.017954
15	10	0.017715
15	20	0.017034
15	30	0.016010
15	40	0.014773
15	50	0.013454
15	60	0.012160
15	70	0.010963
15	80	0.009901
15	90	0.008986
15	100	0.008213
15	110	0.007569
15	120	0.007039
15	130	0.006609
15	140	0.006267
15	150	0.006007
15	160	0.005823
15	170	0.005714
15	180	0.005678
20	0	0.018963
20	10	0.018620
20	20	0.017657
20	30	0.016250
20	40	0.014619
20	50	0.012965
20	60	0.011431
20	70	0.010092
20	80	0.008971
20	90	0.008054
20	100	0.007315
20	110	0.006718
20	120	0.006237
20	130	0.005849
20	140	0.005539
20	150	0.005299
20	160	0.005128
20	170	0.005025
20	180	0.004991
25	0	0.018849
25	10	0.018425
25	20	0.017250
25	30	0.015580
25	40	0.013716
25	50	0.011909
25	60	0.010317
25	70	0.009000
25	80	0.007955
25	90	0.007145
25	100	0.006519
25	110	0.006031
25	120	0.005641
25	130	0.005323
25	140	0.005063
25	150	0.004855
25	160	0.004702
25	170	0.004607
25	180	0.004575
30	0	0.017932
30	10	0.017461
30	20	0.016173
30	30	0.014382
30	40	0.012445
30	50	0.010639
30	60	0.009113
30	70	0.007910
30	80	0.007003
30	90	0.006337
30	100	0.005848
30	110	0.005481
30	120	0.005190
30	130	0.004948
30	140	0.004739
30	150	0.004564
30	160	0.004428
30	170	0.004341
30	180	0.004312
35	0	0.016674
35	10	0.016189
35	20	0.014874
35	30	0.013076
35	40	0.011175
35	50	0.009452
35	60	0.008044
35	70	0.006975
35	80	0.006203
35	90	0.005666
35	100	0.005294
35	110	0.005029
35	120	0.004822
35	130	0.004644
35	140	0.004480
35	150	0.004333
35	160	0.004213
35	170	0.004134
35	180	0.004106
40	0	0.015454
40	10	0.014976
40	20	0.013688
40	30	0.011945
40	40	0.010129
40	50	0.008511
40	60	0.007215
40	70	0.006254
40	80	0.005581
40	90	0.005132
40	100	0.004838
40	110	0.004639
40	120	0.004489
40	130	0.004355
40	140	0.004224
40	150	0.004100
40	160	0.003994
40	170	0.003922
40	180	0.003897
45	0	0.014483
45	10	0.014022
45	20	0.012784
45	30	0.011115
45	40	0.009385
45	50	0.007854
45	60	0.006637
45	70	0.005742
45	80	0.005124
45	90	0.004717
45	100	0.004458
45	110	0.004290
45	120	0.004166
45	130	0.004056
45	140	0.003946
45	150	0.003839
45	160	0.003746
45	170	0.003682
45	180	0.003660
50	0	0.013842
50	10	0.013398
50	20	0.012204
50	30	0.010593
50	40	0.008923
50	50	0.007444
50	60	0.006267
50	70	0.005399
50	80	0.004796
50	90	0.004397
50	100	0.004140
50	110	0.003973
50	120	0.003853
50	130	0.003751
50	140	0.003652
50	150	0.003557
50	160	0.003476
50	170	0.003421
50	180	0.003401
55	0	0.013538
55	10	0.013100
55	20	0.011923
55	30	0.010333
55	40	0.008681
55	50	0.007213
55	60	0.006038
55	70	0.005167
55	80	0.004555
55	90	0.004143
55	100	0.003873
55	110	0.003695
55	120	0.003567
55	130	0.003463
55	140	0.003369
55	150	0.003282
55	160	0.003209
55	170	0.003160
55	180	0.003143
60	0	0.013550
60	10	0.013102
60	20	0.011896
60	30	0.010269
60	40	0.008580
60	50	0.007081
60	60	0.005882
60	70	0.004991
60	80	0.004363
60	90	0.003936
60	100	0.003652
60	110	0.003462
60	120	0.003325
60	130	0.003217
60	140	0.003122
60	150	0.003038
60	160	0.002969
60	170	0.002923
60	180	0.002907
65	0	0.013844
65	10	0.013361
65	20	0.012067
65	30	0.010334
65	40	0.008550
65	50	0.006984
65	60	0.005744
65	70	0.004831
65	80	0.004192
65	90	0.003760
65	100	0.003473
65	110	0.003280
65	120	0.003141
65	130	0.003028
65	140	0.002930
65	150	0.002842
65	160	0.002770
65	170	0.002723
65	180	0.002706
70	0	0.014364
70	10	0.013822
70	20	0.012379
70	30	0.010470
70	40	0.008542
70	50	0.006881
70	60	0.005595
70	70	0.004667
70	80	0.004031
70	90	0.003610
70	100	0.003335
70	110	0.003151
70	120	0.003015
70	130	0.002900
70	140	0.002795
70	150	0.002698
70	160	0.002617
70	170	0.002563
70	180	0.002545
75	0	0.015018
75	10	0.014397
75	20	0.012761
75	30	0.010632
75	40	0.008528
75	50	0.006764
75	60	0.005435
75	70	0.004503
75	80	0.003883
75	90	0.003486
75	100	0.003234
75	110	0.003067
75	120	0.002941
75	130	0.002825
75	140	0.002711
75	150	0.002600
75	160	0.002507
75	170	0.002443
75	180	0.002421
80	0	0.015670
80	10	0.014967
80	20	0.013130
80	30	0.010779
80	40	0.008507
80	50	0.006650
80	60	0.005287
80	70	0.004359
80	80	0.003761
80	90	0.003391
80	100	0.003166
80	110	0.003020
80	120	0.002904
80	130	0.002789
80	140	0.002665
80	150	0.002541
80	160	0.002433
80	170	0.002360
80	180	0.002334
30	0
0	0	0.007350
5	0	0.009229
5	10	0.009191
5	20	0.009081
5	30	0.008906
5	40	0.008680
5	50	0.008417
5	60	0.008132
5	70	0.007840
5	80	0.007552
5	90	0.007278
5	100	0.007024
5	110	0.006796
5	120	0.006596
5	130	0.006426
5	140	0.006286
5	150	0.006176
5	160	0.006099
5	170	0.006052
5	180	0.006036
10	0	0.011711
10	10	0.011594
10	20	0.011261
10	30	0.010753
10	40	0.010132
10	50	0.009457
10	60	0.008783
10	70	0.008147
10	80	0.007573
10	90	0.007070
10	100	0.006639
10	110	0.006275
10	120	0.005973
10	130	0.005725
10	140	0.005526
10	150	0.005373
10	160	0.005265
10	170	0.005200
10	180	0.005178
15	0	0.014700
15	10	0.014442
15	20	0.013723
15	30	0.012675
15	40	0.011468
15	50	0.010254
15	60	0.009139
15	70	0.008178
15	80	0.007384
15	90	0.006746
15	100	0.006239
15	110	0.005836
15	120	0.005512
15	130	0.005249
15	140	0.005036
15	150	0.004868
15	160	0.004746
15	170	0.004671
15	180	0.004646
20	0	0.017932
20	10	0.017461
20	20	0.016173
20	30	0.014382
20	40	0.012445
20	50	0.010639
20	60	0.009113
20	70	0.007910
20	80	0.007003
20	90	0.006337
20	100	0.005848
20	110	0.005481
20	120	0.005190
20	130	0.004948
20	140	0.004739
20	150	0.004564
20	160	0.004428
20	170	0.004341
20	180	0.004312
25	0	0.021012
25	10	0.020265
25	20	0.018273
25	30	0.015622
25	40	0.012922
25	50	0.010576
25	60	0.008742
25	70	0.007410
25	80	0.006490
25	90	0.005876
25	100	0.005467
25	110	0.005181
25	120	0.004954
25	130	0.004747
25	140	0.004547
25	150	0.004360
25	160	0.004205
25	170	0.004102
25	180	0.004066
30	0	0.023505
30	10	0.022466
30	20	0.019751
30	30	0.016274
30	40	0.012914
30	50	0.010167
30	60	0.008155
30	70	0.006791
30	80	0.005923
30	90	0.005398
30	100	0.005090
30	110	0.004895
30	120	0.004737
30	130	0.004567
30	140	0.004374
30	150	0.004172
30	160	0.003994
30	170	0.003873
30	180	0.003830
35	0	0.025067
35	10	0.023781
35	20	0.020473
35	30	0.016367
35	40	0.012556
35	50	0.009580
35	60	0.007505
35	70	0.006171
35	80	0.005372
35	90	0.004931
35	100	0.004708
35	110	0.004589
35	120	0.004486
35	130	0.004346
35	140	0.004158
35	150	0.003944
35	160	0.003750
35	170	0.003614
35	180	0.003566
40	0	0.025571
40	10	0.024135
40	20	0.020483
40	30	0.016038
40	40	0.012018
40	50	0.008971
40	60	0.006910
40	70	0.005624
40	80	0.004883
40	90	0.004498
40	100	0.004325
40	110	0.004249
40	120	0.004180
40	130	0.004061
40	140	0.003881
40	150	0.003669
40	160	0.003471
40	170	0.003333
40	180	0.003284
45	0	0.025197
45	10	0.023721
45	20	0.019985
45	30	0.015478
45	40	0.011451
45	50	0.008438
45	60	0.006425
45	70	0.005184
45	80	0.004476
45	90	0.004113
45	100	0.003955
45	110	0.003890
45	120	0.003833
45	130	0.003729
45	140	0.003567
45	150	0.003371
45	160	0.003189
45	170	0.003060
45	180	0.003015
50	0	0.024411
50	10	0.022965
50	20	0.019306
50	30	0.014898
50	40	0.010964
50	50	0.008024
50	60	0.006062
50	70	0.004849
50	80	0.004150
50	90	0.003784
50	100	0.003616
50	110	0.003543
50	120	0.003486
50	130	0.003396
50	140	0.003257
50	150	0.003091
50	160	0.002934
50	170	0.002824
50	180	0.002785
55	0	0.023822
55	10	0.022407
55	20	0.018823
55	30	0.014498
55	40	0.010633
55	50	0.007738
55	60	0.005800
55	70	0.004594
55	80	0.003891
55	90	0.003511
55	100	0.003326
55	110	0.003241
55	120	0.003182
55	130	0.003104
55	140	0.002991
55	150	0.002855
55	160	0.002726
55	170	0.002635
55	180	0.002602
60	0	0.024027
60	10	0.022569
60	20	0.018883
60	30	0.014450
60	40	0.010507
60	50	0.007569
60	60	0.005609
60	70	0.004393
60	80	0.003681
60	90	0.003292
60	100	0.003098
60	110	0.003007
60	120	0.002951
60	130	0.002883
60	140	0.002787
60	150	0.002672
60	160	0.002562
60	170	0.002483
60	180	0.002454
65	0	0.025510
65	10	0.023871
65	20	0.019756
65	30	0.014875
65	40	0.010610
65	50	0.007497
65	60	0.005461
65	70	0.004221
65	80	0.003506
65	90	0.003122
65	100	0.002935
65	110	0.002852
65	120	0.002802
65	130	0.002741
65	140	0.002649
65	150	0.002537
65	160	0.002428
65	170	0.002350
65	180	0.002322
70	0	0.028585
70	10	0.026569
70	20	0.021580
70	30	0.015809
70	40	0.010933
70	50	0.007501
70	60	0.005339
70	70	0.004066
70	80	0.003358
70	90	0.002995
70	100	0.002833
70	110	0.002770
70	120	0.002731
70	130	0.002669
70	140	0.002566
70	150	0.002436
70	160	0.002311
70	170	0.002222
70	180	0.002190
75	0	0.033214
75	10	0.030605
75	20	0.024261
75	30	0.017161
75	40	0.011413
75	50	0.007555
75	60	0.005234
75	70	0.003927
75	80	0.003235
75	90	0.002905
75	100	0.002778
75	110	0.002744
75	120	0.002720
75	130	0.002650
75	140	0.002522
75	150	0.002360
75	160	0.002205
75	170	0.002096
75	180	0.002057
80	0	0.038665
80	10	0.035316
80	20	0.027319
80	30	0.018657
80	40	0.011935
80	50	0.007627
80	60	0.005150
80	70	0.003814
80	80	0.003141
80	90	0.002845
80	100	0.002756
80	110	0.002753
80	120	0.002742
80	130	0.002662
80	140	0.002504
80	150	0.002303
80	160	0.002115
80	170	0.001985
80	180	0.001939
40	0
0	0	0.005730
5	0	0.006979
5	10	0.006953
5	20	0.006877
5	30	0.006757
5	40	0.006604
5	50	0.006427
5	60	0.006239
5	70	0.006048
5	80	0.005863
5	90	0.005691
5	100	0.005534
5	110	0.005395
5	120	0.005275
5	130	0.005174
5	140	0.005092
5	150	0.005028
5	160	0.004983
5	170	0.004956
5	180	0.004947
10	0	0.008886
10	10	0.008796
10	20	0.008539
10	30	0.008154
10	40	0.007689
10	50	0.007196
10	60	0.006716
10	70	0.006278
10	80	0.005895
10	90	0.005573
10	100	0.005308
10	110	0.005092
10	120	0.004918
10	130	0.004777
10	140	0.004665
10	150	0.004579
10	160	0.004518
10	170	0.004480
10	180	0.004468
15	0	0.011659
15	10	0.011433
15	20	0.010807
15	30	0.009912
15	40	0.008907
15	50	0.007929
15	60	0.007066
15	70	0.006356
15	80	0.005802
15	90	0.005384
15	100	0.005074
15	110	0.004843
15	120	0.004665
15	130	0.004520
15	140	0.004399
15	150	0.004299
15	160	0.004222
15	170	0.004173
15	180	0.004156
20	0	0.015454
20	10	0.014976
20	20	0.013688
20	30	0.011945
20	40	0.010129
20	50	0.008511
20	60	0.007215
20	70	0.006254
20	80	0.005581
20	90	0.005132
20	100	0.004838
20	110	0.004639
20	120	0.004489
20	130	0.004355
20	140	0.004224
20	150	0.004100
20	160	0.003994
20	170	0.003922
20	180	0.003897
25	0	0.020231
25	10	0.019347
25	20	0.017035
25	30	0.014074
25	40	0.011208
25	50	0.008864
25	60	0.007149
25	70	0.005991
25	80	0.005261
25	90	0.004831
25	100	0.004592
25	110	0.004452
25	120	0.004343
25	130	0.004220
25	140	0.004070
25	150	0.003905
25	160	0.003755
25	170	0.003651
25	180	0.003614
30	0	0.025571
30	10	0.024135
30	20	0.020483
30	30	0.016038
30	40	0.012018
30	50	0.008971
30	60	0.006910
30	70	0.005624
30	80	0.004883
30	90	0.004498
30	100	0.004325
30	110	0.004249
30	120	0.004180
30	130	0.004061
30	140	0.003881
30	150	0.003669
30	160	0.003471
30	170	0.003333
30	180	0.003284
35	0	0.030616
35	10	0.028571
35	20	0.023488
35	30	0.017558
35	40	0.012487
35	50	0.008871
35	60	0.006571
35	70	0.005220
35	80	0.004492
35	90	0.004152
35	100	0.004034
35	110	0.004007
35	120	0.003965
35	130	0.003846
35	140	0.003640
35	150	0.003390
35	160	0.003157
35	170	0.002995
35	180	0.002938
40	0	0.034370
40	10	0.031807
40	20	0.025540
40	30	0.018446
40	40	0.012615
40	50	0.008633
40	60	0.006204
40	70	0.004832
40	80	0.004122
40	90	0.003811
40	100	0.003724
40	110	0.003723
40	120	0.003698
40	130	0.003581
40	140	0.003366
40	150	0.003102
40	160	0.002857
40	170	0.002689
40	180	0.002630
45	0	0.036328
45	10	0.033448
45	20	0.026470
45	30	0.018712
45	40	0.012479
45	50	0.008329
45	60	0.005857
45	70	0.004489
45	80	0.003791
45	90	0.003491
45	100	0.003411
45	110	0.003418
45	120	0.003403
45	130	0.003299
45	140	0.003099
45	150	0.002850
45	160	0.002617
45	170	0.002457
45	180	0.002401
50	0	0.036936
50	10	0.033915
50	20	0.026630
50	30	0.018599
50	40	0.012218
50	50	0.008023
50	60	0.005552
50	70	0.004195
50	80	0.003504
50	90	0.003203
50	100	0.003119
50	110	0.003125
50	120	0.003122
50	130	0.003042
50	140	0.002876
50	150	0.002660
50	160	0.002456
50	170	0.002314
50	180	0.002263
55	0	0.037442
55	10	0.034305
55	20	0.026765
55	30	0.018506
55	40	0.012002
55	50	0.007766
55	60	0.005294
55	70	0.003945
55	80	0.003257
55	90	0.002954
55	100	0.002866
55	110	0.002876
55	120	0.002889
55	130	0.002841
55	140	0.002715
55	150	0.002540
55	160	0.002367
55	170	0.002244
55	180	0.002200
60	0	0.039391
60	10	0.035952
60	20	0.027742
60	30	0.018863
60	40	0.011989
60	50	0.007596
60	60	0.005078
60	70	0.003724
60	80	0.003043
60	90	0.002746
60	100	0.002666
60	110	0.002690
60	120	0.002725
60	130	0.002708
60	140	0.002616
60	150	0.002471
60	160	0.002321
60	170	0.002212
60	180	0.002172
65	0	0.044311
65	10	0.040151
65	20	0.030357
65	30	0.020030
65	40	0.012298
65	50	0.007534
65	60	0.004898
65	70	0.003526
65	80	0.002856
65	90	0.002579
65	100	0.002523
65	110	0.002573
65	120	0.002636
65	130	0.002642
65	140	0.002566
65	150	0.002429
65	160	0.002281
65	170	0.002172
65	180	0.002132
70	0	0.053604
70	10	0.048040
70	20	0.035218
70	30	0.022220
70	40	0.012971
70	50	0.007580
70	60	0.004751
70	70	0.003346
70	80	0.002694
70	90	0.002450
70	100	0.002432
70	110	0.002520
70	120	0.002613
70	130	0.002631
70	140	0.002546
70	150	0.002388
70	160	0.002217
70	170	0.002092
70	180	0.002046
75	0	0.068025
75	10	0.060151
75	20	0.042468
75	30	0.025379
75	40	0.013946
75	50	0.007709
75	60	0.004635
75	70	0.003192
75	80	0.002561
75	90	0.002356
75	100	0.002384
75	110	0.002516
75	120	0.002637
75	130	0.002654
75	140	0.002538
75	150	0.002335
75	160	0.002123
75	170	0.001972
75	180	0.001918
80	0	0.086122
80	10	0.075156
80	20	0.051145
80	30	0.028988
80	40	0.015023
80	50	0.007873
80	60	0.004551
80	70	0.003071
80	80	0.002460
80	90	0.002292
80	100	0.002364
80	110	0.002539
80	120	0.002683
80	130	0.002690
80	140	0.002532
80	150	0.002276
80	160	0.002021
80	170	0.001843
80	180	0.001781
50	0
0	0	0.005092
5	0	0.006145
5	10	0.006122
5	20	0.006056
5	30	0.005953
5	40	0.005820
5	50	0.005668
5	60	0.005506
5	70	0.005343
5	80	0.005187
5	90	0.005041
5	100	0.004910
5	110	0.004794
5	120	0.004695
5	130	0.004613
5	140	0.004546
5	150	0.004495
5	160	0.004459
5	170	0.004438
5	180	0.004430
10	0	0.007792
10	10	0.007712
10	20	0.007484
10	30	0.007143
10	40	0.006733
10	50	0.006300
10	60	0.005880
10	70	0.005499
10	80	0.005170
10	90	0.004895
10	100	0.004672
10	110	0.004494
10	120	0.004353
10	130	0.004242
10	140	0.004154
10	150	0.004088
10	160	0.004041
10	170	0.004013
10	180	0.004003
15	0	0.010277
15	10	0.010073
15	20	0.009506
15	30	0.008698
15	40	0.007794
15	50	0.006918
15	60	0.006148
15	70	0.005520
15	80	0.005034
15	90	0.004672
15	100	0.004409
15	110	0.004218
15	120	0.004076
15	130	0.003964
15	140	0.003872
15	150	0.003797
15	160	0.003739
15	170	0.003701
15	180	0.003689
20	0	0.013842
20	10	0.013398
20	20	0.012204
20	30	0.010593
20	40	0.008923
20	50	0.007444
20	60	0.006267
20	70	0.005399
20	80	0.004796
20	90	0.004397
20	100	0.004140
20	110	0.003973
20	120	0.003853
20	130	0.003751
20	140	0.003652
20	150	0.003557
20	160	0.003476
20	170	0.003421
20	180	0.003401
25	0	0.018606
25	10	0.017757
25	20	0.015542
25	30	0.012722
25	40	0.010015
25	50	0.007820
25	60	0.006228
25	70	0.005159
25	80	0.004488
25	90	0.004093
25	100	0.003875
25	110	0.003752
25	120	0.003664
25	130	0.003570
25	140	0.003455
25	150	0.003327
25	160	0.003210
25	170	0.003128
25	180	0.003098
30	0	0.024411
30	10	0.022965
30	20	0.019306
30	30	0.014898
30	40	0.010964
30	50	0.008024
30	60	0.006062
30	70	0.004849
30	80	0.004150
30	90	0.003784
30	100	0.003616
30	110	0.003543
30	120	0.003486
30	130	0.003396
30	140	0.003257
30	150	0.003091
30	160	0.002934
30	170	0.002824
30	180	0.002785
35	0	0.030742
35	10	0.028544
35	20	0.023125
35	30	0.016906
35	40	0.011701
35	50	0.008077
35	60	0.005820
35	70	0.004515
35	80	0.003815
35	90	0.003484
35	100	0.003363
35	110	0.003335
35	120	0.003306
35	130	0.003218
35	140	0.003059
35	150	0.002860
35	160	0.002672
35	170	0.002541
35	180	0.002494
40	0	0.036936
40	10	0.033915
40	20	0.026630
40	30	0.018599
40	40	0.012218
40	50	0.008023
40	60	0.005552
40	70	0.004195
40	80	0.003504
40	90	0.003203
40	100	0.003119
40	110	0.003125
40	120	0.003122
40	130	0.003042
40	140	0.002876
40	150	0.002660
40	160	0.002456
40	170	0.002314
40	180	0.002263
45	0	0.042642
45	10	0.038803
45	20	0.029701
45	30	0.019980
45	40	0.012573
45	50	0.007917
45	60	0.005293
45	70	0.003905
45	80	0.003225
45	90	0.002946
45	100	0.002887
45	110	0.002922
45	120	0.002944
45	130	0.002883
45	140	0.002726
45	150	0.002514
45	160	0.002309
45	170	0.002166
45	180	0.002115
50	0	0.048266
50	10	0.043579
50	20	0.032630
50	30	0.021245
50	40	0.012871
50	50	0.007807
50	60	0.005056
50	70	0.003647
50	80	0.002976
50	90	0.002714
50	100	0.002676
50	110	0.002735
50	120	0.002788
50	130	0.002757
50	140	0.002625
50	150	0.002429
50	160	0.002234
50	170	0.002096
50	180	0.002047
55	0	0.055092
55	10	0.049344
55	20	0.036115
55	30	0.022736
55	40	0.013245
55	50	0.007729
55	60	0.004843
55	70	0.003413
55	80	0.002752
55	90	0.002507
55	100	0.002491
55	110	0.002579
55	120	0.002667
55	130	0.002675
55	140	0.002575
55	150	0.002400
55	160	0.002217
55	170	0.002084
55	180	0.002036
60	0	0.065155
60	10	0.057787
60	20	0.041139
60	30	0.024864
60	40	0.013820
60	50	0.007704
60	60	0.004649
60	70	0.003195
60	80	0.002548
60	90	0.002325
60	100	0.002337
60	110	0.002462
60	120	0.002591
60	130	0.002638
60	140	0.002565
60	150	0.002405
60	160	0.002226
60	170	0.002093
60	180	0.002045
65	0	0.081077
65	10	0.071013
65	20	0.048800
65	30	0.028012
65	40	0.014684
65	50	0.007743
65	60	0.004469
65	70	0.002988
65	80	0.002361
65	90	0.002169
65	100	0.002218
65	110	0.002386
65	120	0.002560
65	130	0.002639
65	140	0.002580
65	150	0.002415
65	160	0.002225
65	170	0.002081
65	180	0.002029
70	0	0.105629
70	10	0.091131
70	20	0.060030
70	30	0.032406
70	40	0.015854
70	50	0.007838
70	60	0.004305
70	70	0.002797
70	80	0.002195
70	90	0.002039
70	100	0.002131
70	110	0.002348
70	120	0.002566
70	130	0.002668
70	140	0.002601
70	150	0.002408
70	160	0.002187
70	170	0.002023
70	180	0.001963
75	0	0.140123
75	10	0.118960
75	20	0.074909
75	30	0.037890
75	40	0.017238
75	50	0.007970
75	60	0.004162
75	70	0.002630
75	80	0.002055
75	90	0.001936
75	100	0.002073
75	110	0.002339
75	120	0.002598
75	130	0.002709
75	140	0.002614
75	150	0.002375
75	160	0.002111
75	170	0.001920
75	180	0.001852
80	0	0.180939
80	10	0.151390
80	20	0.091525
80	30	0.043656
80	40	0.018608
80	50	0.008106
80	60	0.004050
80	70	0.002500
80	80	0.001949
80	90	0.001862
80	100	0.002037
80	110	0.002347
80	120	0.002638
80	130	0.002749
80	140	0.002617
80	150	0.002326
80	160	0.002020
80	170	0.001805
80	180	0.001730
60	0
0	0	0.004751
5	0	0.005849
5	10	0.005826
5	20	0.005757
5	30	0.005649
5	40	0.005510
5	50	0.005350
5	60	0.005180
5	70	0.005009
5	80	0.004843
5	90	0.004688
5	100	0.004549
5	110	0.004425
5	120	0.004319
5	130	0.004231
5	140	0.004159
5	150	0.004104
5	160	0.004066
5	170	0.004042
5	180	0.004035
10	0	0.007529
10	10	0.007447
10	20	0.007212
10	30	0.006860
10	40	0.006435
10	50	0.005986
10	60	0.005549
10	70	0.005150
10	80	0.004803
10	90	0.004512
10	100	0.004273
10	110	0.004080
10	120	0.003927
10	130	0.003806
10	140	0.003711
10	150	0.003640
10	160	0.003590
10	170	0.003560
10	180	0.003550
15	0	0.010025
15	10	0.009816
15	20	0.009238
15	30	0.008412
15	40	0.007487
15	50	0.006588
15	60	0.005796
15	70	0.005144
15	80	0.004634
15	90	0.004248
15	100	0.003963
15	110	0.003752
15	120	0.003594
15	130	0.003472
15	140	0.003375
15	150	0.003299
15	160	0.003242
15	170	0.003207
15	180	0.003195
20	0	0.013550
20	10	0.013102
20	20	0.011896
20	30	0.010269
20	40	0.008580
20	50	0.007081
20	60	0.005882
20	70	0.004991
20	80	0.004363
20	90	0.003936
20	100	0.003652
20	110	0.003462
20	120	0.003325
20	130	0.003217
20	140	0.003122
20	150	0.003038
20	160	0.002969
20	170	0.002923
20	180	0.002907
25	0	0.018220
25	10	0.017369
25	20	0.015149
25	30	0.012324
25	40	0.009611
25	50	0.007409
25	60	0.005807
25	70	0.004724
25	80	0.004031
25	90	0.003608
25	100	0.003360
25	110	0.003214
25	120	0.003114
25	130	0.003025
25	140	0.002931
25	150	0.002833
25	160	0.002745
25	170	0.002684
25	180	0.002662
30	0	0.024027
30	10	0.022569
30	20	0.018883
30	30	0.014450
30	40	0.010507
30	50	0.007569
30	60	0.005609
30	70	0.004393
30	80	0.003681
30	90	0.003292
30	100	0.003098
30	110	0.003007
30	120	0.002951
30	130	0.002883
30	140	0.002787
30	150	0.002672
30	160	0.002562
30	170	0.002483
30	180	0.002454
35	0	0.030978
35	10	0.028677
35	20	0.023029
35	30	0.016598
35	40	0.011271
35	50	0.007605
35	60	0.005347
35	70	0.004048
35	80	0.003345
35	90	0.003002
35	100	0.002868
35	110	0.002835
35	120	0.002824
35	130	0.002780
35	140	0.002684
35	150	0.002552
35	160	0.002420
35	170	0.002325
35	180	0.002290
40	0	0.039391
40	10	0.035952
40	20	0.027742
40	30	0.018863
40	40	0.011989
40	50	0.007596
40	60	0.005078
40	70	0.003724
40	80	0.003043
40	90	0.002746
40	100	0.002666
40	110	0.002690
40	120	0.002725
40	130	0.002708
40	140	0.002616
40	150	0.002471
40	160	0.002321
40	170	0.002212
40	180	0.002172
45	0	0.050200
45	10	0.045177
45	20	0.033506
45	30	0.021501
45	40	0.012795
45	50	0.007614
45	60	0.004841
45	70	0.003440
45	80	0.002778
45	90	0.002521
45	100	0.002491
45	110	0.002566
45	120	0.002649
45	130	0.002662
45	140	0.002578
45	150	0.002425
45	160	0.002261
45	170	0.002139
45	180	0.002095
50	0	0.065155
50	10	0.057787
50	20	0.041139
50	30	0.024864
50	40	0.013820
50	50	0.007704
50	60	0.004649
50	70	0.003195
50	80	0.002548
50	90	0.002325
50	100	0.002337
50	110	0.002462
50	120	0.002591
50	130	0.002638
50	140	0.002565
50	150	0.002405
50	160	0.002226
50	170	0.002093
50	180	0.002045
55	0	0.086867
55	10	0.075857
55	20	0.051693
55	30	0.029309
55	40	0.015146
55	50	0.007877
55	60	0.004495
55	70	0.002981
55	80	0.002346
55	90	0.002153
55	100	0.002204
55	110	0.002376
55	120	0.002553
55	130	0.002631
55	140	0.002568
55	150	0.002397
55	160	0.002201
55	170	0.002055
55	180	0.002002
60	0	0.118587
60	10	0.101851
60	20	0.066237
60	30	0.035079
60	40	0.016777
60	50	0.008105
60	60	0.004361
60	70	0.002789
60	80	0.002166
60	90	0.002002
60	100	0.002091
60	110	0.002309
60	120	0.002531
60	130	0.002640
60	140	0.002579
60	150	0.002390
60	160	0.002171
60	170	0.002008
60	180	0.001949
65	0	0.163304
65	10	0.137857
65	20	0.085413
65	30	0.042153
65	40	0.018615
65	50	0.008342
65	60	0.004231
65	70	0.002610
65	80	0.002004
65	90	0.001869
65	100	0.001996
65	110	0.002259
65	120	0.002527
65	130	0.002659
65	140	0.002591
65	150	0.002374
65	160	0.002124
65	170	0.001941
65	180	0.001875
70	0	0.221741
70	10	0.184051
70	20	0.108753
70	30	0.050104
70	40	0.020480
70	50	0.008538
70	60	0.004096
70	70	0.002445
70	80	0.001862
70	90	0.001757
70	100	0.001919
70	110	0.002227
70	120	0.002535
70	130	0.002685
70	140	0.002600
70	150	0.002346
70	160	0.002061
70	170	0.001856
70	180	0.001783
75	0	0.289605
75	10	0.236748
75	20	0.134051
75	30	0.058066
75	40	0.022153
75	50	0.008665
75	60	0.003960
75	70	0.002302
75	80	0.001744
75	90	0.001666
75	100	0.001860
75	110	0.002208
75	120	0.002552
75	130	0.002712
75	140	0.002604
75	150	0.002309
75	160	0.001990
75	170	0.001765
75	180	0.001687
80	0	0.355974
80	10	0.287493
80	20	0.157351
80	30	0.064901
80	40	0.023449
80	50	0.008725
80	60	0.003842
80	70	0.002189
80	80	0.001654
80	90	0.001599
80	100	0.001819
80	110	0.002199
80	120	0.002572
80	130	0.002736
80	140	0.002604
80	150	0.002273
80	160	0.001925
80	170	0.001685
80	180	0.001602
70	0
0	0	0.004336
5	0	0.005452
5	10	0.005428
5	20	0.005358
5	30	0.005248
5	40	0.005107
5	50	0.004946
5	60	0.004774
5	70	0.004602
5	80	0.004437
5	90	0.004283
5	100	0.004144
5	110	0.004021
5	120	0.003916
5	130	0.003828
5	140	0.003756
5	150	0.003701
5	160	0.003662
5	170	0.003639
5	180	0.003631
10	0	0.007247
10	10	0.007159
10	20	0.006909
10	30	0.006535
10	40	0.006090
10	50	0.005622
10	60	0.005173
10	70	0.004768
10	80	0.004420
10	90	0.004129
10	100	0.003892
10	110	0.003701
10	120	0.003547
10	130	0.003425
10	140	0.003328
10	150	0.003254
10	160	0.003201
10	170	0.003169
10	180	0.003158
15	0	0.010083
15	10	0.009846
15	20	0.009194
15	30	0.008275
15	40	0.007263
15	50	0.006298
15	60	0.005465
15	70	0.004794
15	80	0.004279
15	90	0.003895
15	100	0.003614
15	110	0.003405
15	120	0.003246
15	130	0.003120
15	140	0.003016
15	150	0.002931
15	160	0.002867
15	170	0.002827
15	180	0.002813
20	0	0.014364
20	10	0.013822
20	20	0.012379
20	30	0.010470
20	40	0.008542
20	50	0.006881
20	60	0.005595
20	70	0.004667
20	80	0.004031
20	90	0.003610
20	100	0.003335
20	110	0.003151
20	120	0.003015
20	130	0.002900
20	140	0.002795
20	150	0.002698
20	160	0.002617
20	170	0.002563
20	180	0.002545
25	0	0.020441
25	10	0.019342
25	20	0.016519
25	30	0.013026
25	40	0.009799
25	50	0.007290
25	60	0.005542
25	70	0.004408
25	80	0.003711
25	90	0.003302
25	100	0.003072
25	110	0.002940
25	120	0.002846
25	130	0.002754
25	140	0.002648
25	150	0.002535
25	160	0.002433
25	170	0.002363
25	180	0.002337
30	0	0.028585
30	10	0.026569
30	20	0.021580
30	30	0.015809
30	40	0.010933
30	50	0.007501
30	60	0.005339
30	70	0.004066
30	80	0.003358
30	90	0.002995
30	100	0.002833
30	110	0.002770
30	120	0.002731
30	130	0.002669
30	140	0.002566
30	150	0.002436
30	160	0.002311
30	170	0.002222
30	180	0.002190
35	0	0.039239
35	10	0.035817
35	20	0.027644
35	30	0.018800
35	40	0.011947
35	50	0.007565
35	60	0.005051
35	70	0.003696
35	80	0.003011
35	90	0.002708
35	100	0.002619
35	110	0.002632
35	120	0.002657
35	130	0.002633
35	140	0.002537
35	150	0.002392
35	160	0.002244
35	170	0.002137
35	180	0.002098
40	0	0.053604
40	10	0.048040
40	20	0.035218
40	30	0.022220
40	40	0.012971
40	50	0.007580
40	60	0.004751
40	70	0.003346
40	80	0.002694
40	90	0.002450
40	100	0.002432
40	110	0.002520
40	120	0.002613
40	130	0.002631
40	140	0.002546
40	150	0.002388
40	160	0.002217
40	170	0.002092
40	180	0.002046
45	0	0.074278
45	10	0.065334
45	20	0.045440
45	30	0.026552
45	40	0.014211
45	50	0.007650
45	60	0.004494
45	70	0.003044
45	80	0.002422
45	90	0.002227
45	100	0.002270
45	110	0.002427
45	120	0.002585
45	130	0.002648
45	140	0.002574
45	150	0.002401
45	160	0.002207
45	170	0.002063
45	180	0.002011
50	0	0.105629
50	10	0.091131
50	20	0.060030
50	30	0.032406
50	40	0.015854
50	50	0.007838
50	60	0.004305
50	70	0.002797
50	80	0.002195
50	90	0.002039
50	100	0.002131
50	110	0.002348
50	120	0.002566
50	130	0.002668
50	140	0.002601
50	150	0.002408
50	160	0.002187
50	170	0.002023
50	180	0.001963
55	0	0.153308
55	10	0.129696
55	20	0.080847
55	30	0.040269
55	40	0.017981
55	50	0.008152
55	60	0.004179
55	70	0.002601
55	80	0.002010
55	90	0.001883
55	100	0.002014
55	110	0.002282
55	120	0.002550
55	130	0.002682
55	140	0.002611
55	150	0.002391
55	160	0.002139
55	170	0.001954
55	180	0.001887
60	0	0.221741
60	10	0.184051
60	20	0.108753
60	30	0.050104
60	40	0.020480
60	50	0.008538
60	60	0.004096
60	70	0.002445
60	80	0.001862
60	90	0.001757
60	100	0.001919
60	110	0.002227
60	120	0.002535
60	130	0.002685
60	140	0.002600
60	150	0.002346
60	160	0.002061
60	170	0.001856
60	180	0.001783
65	0	0.308992
65	10	0.252103
65	20	0.141946
65	30	0.060961
65	40	0.023016
65	50	0.008902
65	60	0.004025
65	70	0.002318
65	80	0.001743
65	90	0.001656
65	100	0.001843
65	110	0.002184
65	120	0.002523
65	130	0.002681
65	140	0.002574
65	150	0.002284
65	160	0.001969
65	170	0.001747
65	180	0.001669
70	0	0.402594
70	10	0.323860
70	20	0.175257
70	30	0.071056
70	40	0.025144
70	50	0.009153
70	60	0.003948
70	70	0.002210
70	80	0.001648
70	90	0.001578
70	100	0.001785
70	110	0.002152
70	120	0.002515
70	130	0.002676
70	140	0.002546
70	150	0.002222
70	160	0.001880
70	170	0.001645
70	180	0.001564
75	0	0.483594
75	10	0.384980
75	20	0.202332
75	30	0.078639
75	40	0.026543
75	50	0.009249
75	60	0.003859
75	70	0.002120
75	80	0.001575
75	90	0.001520
75	100	0.001744
75	110	0.002132
75	120	0.002512
75	130	0.002674
75	140	0.002523
75	150	0.002172
75	160	0.001811
75	170	0.001566
75	180	0.001482
80	0	0.538540
80	10	0.425831
80	20	0.219612
80	30	0.083064
80	40	0.027205
80	50	0.009222
80	60	0.003771
80	70	0.002050
80	80	0.001522
80	90	0.001480
80	100	0.001716
80	110	0.002120
80	120	0.002514
80	130	0.002675
80	140	0.002510
80	150	0.002140
80	160	0.001765
80	170	0.001515
80	180	0.001429
80	0
0	0	0.003916
5	0	0.004949
5	10	0.004926
5	20	0.004860
5	30	0.004757
5	40	0.004626
5	50	0.004477
5	60	0.004321
5	70	0.004166
5	80	0.004017
5	90	0.003881
5	100	0.003759
5	110	0.003652
5	120	0.003560
5	130	0.003483
5	140	0.003421
5	150	0.003373
5	160	0.003338
5	170	0.003318
5	180	0.003311
10	0	0.006788
10	10	0.006697
10	20	0.006441
10	30	0.006062
10	40	0.005618
10	50	0.005161
10	60	0.004732
10	70	0.004354
10	80	0.004037
10	90	0.003778
10	100	0.003571
10	110	0.003406
10	120	0.003273
10	130	0.003165
10	140	0.003077
10	150	0.003007
10	160	0.002955
10	170	0.002924
10	180	0.002913
15	0	0.010053
15	10	0.009781
15	20	0.009041
15	30	0.008019
15	40	0.006925
15	50	0.005917
15	60	0.005079
15	70	0.004430
15	80	0.003953
15	90	0.003612
15	100	0.003371
15	110	0.003195
15	120	0.003057
15	130	0.002940
15	140	0.002834
15	150	0.002742
15	160	0.002668
15	170	0.002619
15	180	0.002603
20	0	0.015670
20	10	0.014967
20	20	0.013130
20	30	0.010779
20	40	0.008507
20	50	0.006650
20	60	0.005287
20	70	0.004359
20	80	0.003761
20	90	0.003391
20	100	0.003166
20	110	0.003020
20	120	0.002904
20	130	0.002789
20	140	0.002665
20	150	0.002541
20	160	0.002433
20	170	0.002360
20	180	0.002334
25	0	0.024805
25	10	0.023186
25	20	0.019137
25	30	0.014367
25	40	0.010235
25	50	0.007245
25	60	0.005309
25	70	0.004141
25	80	0.003478
25	90	0.003129
25	100	0.002960
25	110	0.002876
25	120	0.002804
25	130	0.002700
25	140	0.002557
25	150	0.002394
25	160	0.002246
25	170	0.002144
25	180	0.002108
30	0	0.038665
30	10	0.035316
30	20	0.027319
30	30	0.018657
30	40	0.011935
30	50	0.007627
30	60	0.005150
30	70	0.003814
30	80	0.003141
30	90	0.002845
30	100	0.002756
30	110	0.002753
30	120	0.002742
30	130	0.002662
30	140	0.002504
30	150	0.002303
30	160	0.002115
30	170	0.001985
30	180	0.001939
35	0	0.058478
35	10	0.052192
35	20	0.037831
35	30	0.023504
35	40	0.013512
35	50	0.007806
35	60	0.004870
35	70	0.003438
35	80	0.002789
35	90	0.002560
35	100	0.002555
35	110	0.002643
35	120	0.002706
35	130	0.002663
35	140	0.002500
35	150	0.002268
35	160	0.002043
35	170	0.001888
35	180	0.001833
40	0	0.086122
40	10	0.075156
40	20	0.051145
40	30	0.028988
40	40	0.015023
40	50	0.007873
40	60	0.004551
40	70	0.003071
40	80	0.002460
40	90	0.002292
40	100	0.002364
40	110	0.002539
40	120	0.002683
40	130	0.002690
40	140	0.002532
40	150	0.002276
40	160	0.002021
40	170	0.001843
40	180	0.001781
45	0	0.125139
45	10	0.106873
45	20	0.068450
45	30	0.035516
45	40	0.016656
45	50	0.007943
45	60	0.004265
45	70	0.002752
45	80	0.002177
45	90	0.002057
45	100	0.002189
45	110	0.002440
45	120	0.002663
45	130	0.002724
45	140	0.002580
45	150	0.002305
45	160	0.002023
45	170	0.001826
45	180	0.001757
50	0	0.180939
50	10	0.151390
50	20	0.091525
50	30	0.043656
50	40	0.018608
50	50	0.008106
50	60	0.004050
50	70	0.002500
50	80	0.001949
50	90	0.001862
50	100	0.002037
50	110	0.002347
50	120	0.002638
50	130	0.002749
50	140	0.002617
50	150	0.002326
50	160	0.002020
50	170	0.001805
50	180	0.001730
55	0	0.258462
55	10	0.212194
55	20	0.121626
55	30	0.053667
55	40	0.020937
55	50	0.008382
55	60	0.003915
55	70	0.002316
55	80	0.001777
55	90	0.001710
55	100	0.001913
55	110	0.002265
55	120	0.002607
55	130	0.002753
55	140	0.002627
55	150	0.002317
55	160	0.001989
55	170	0.001760
55	180	0.001680
60	0	0.355974
60	10	0.287493
60	20	0.157351
60	30	0.064901
60	40	0.023449
60	50	0.008725
60	60	0.003842
60	70	0.002189
60	80	0.001654
60	90	0.001599
60	100	0.001819
60	110	0.002199
60	120	0.002572
60	130	0.002736
60	140	0.002604
60	150	0.002273
60	160	0.001925
60	170	0.001685
60	180	0.001602
65	0	0.458077
65	10	0.365264
65	20	0.192871
65	30	0.075495
65	40	0.025702
65	50	0.009037
65	60	0.003803
65	70	0.002105
65	80	0.001573
65	90	0.001524
65	100	0.001755
65	110	0.002150
65	120	0.002539
65	130	0.002707
65	140	0.002559
65	150	0.002207
65	160	0.001843
65	170	0.001596
65	180	0.001511
70	0	0.538540
70	10	0.425831
70	20	0.219612
70	30	0.083064
70	40	0.027205
70	50	0.009222
70	60	0.003771
70	70	0.002050
70	80	0.001522
70	90	0.001480
70	100	0.001716
70	110	0.002120
70	120	0.002514
70	130	0.002675
70	140	0.002510
70	150	0.002140
70	160	0.001765
70	170	0.001515
70	180	0.001429
75	0	0.578375
75	10	0.455408
75	20	0.232118
75	30	0.086319
75	40	0.027744
75	50	0.009244
75	60	0.003732
75	70	0.002015
75	80	0.001494
75	90	0.001456
75	100	0.001697
75	110	0.002105
75	120	0.002499
75	130	0.002651
75	140	0.002471
75	150	0.002088
75	160	0.001707
75	170	0.001455
75	180	0.001370
80	0	0.581685
80	10	0.457497
80	20	0.232460
80	30	0.086078
80	40	0.027546
80	50	0.009148
80	60	0.003687
80	70	0.001992
80	80	0.001480
80	90	0.001447
80	100	0.001692
80	110	0.002101
80	120	0.002493
80	130	0.002638
80	140	0.002447
80	150	0.002056
80	160	0.001672
80	170	0.001420
80	180	0.001335
8.990000e+01	0
0	0	0.003738
5	0	0.004718
5	10	0.004696
5	20	0.004633
5	30	0.004535
5	40	0.004410
5	50	0.004269
5	60	0.004122
5	70	0.003977
5	80	0.003839
5	90	0.003713
5	100	0.003600
5	110	0.003502
5	120	0.003418
5	130	0.003348
5	140	0.003291
5	150	0.003247
5	160	0.003215
5	170	0.003196
5	180	0.003190
10	0	0.006555
10	10	0.006464
10	20	0.006207
10	30	0.005831
10	40	0.005392
10	50	0.004946
10	60	0.004531
10	70	0.004171
10	80	0.003873
10	90	0.003634
10	100	0.003445
10	110	0.003295
10	120	0.003174
10	130	0.003074
10	140	0.002991
10	150	0.002924
10	160	0.002874
10	170	0.002843
10	180	0.002833
15	0	0.010007
15	10	0.009719
15	20	0.008941
15	30	0.007876
15	40	0.006751
15	50	0.005731
15	60	0.004899
15	70	0.004269
15	80	0.003815
15	90	0.003500
15	100	0.003283
15	110	0.003126
15	120	0.003001
15	130	0.002890
15	140	0.002785
15	150	0.002689
15	160	0.002610
15	170	0.002557
15	180	0.002539
20	0	0.016336
20	10	0.015545
20	20	0.013497
20	30	0.010918
20	40	0.008480
20	50	0.006534
20	60	0.005144
20	70	0.004224
20	80	0.003650
20	90	0.003311
20	100	0.003115
20	110	0.002991
20	120	0.002888
20	130	0.002773
20	140	0.002640
20	150	0.002500
20	160	0.002378
20	170	0.002295
20	180	0.002265
25	0	0.027354
25	10	0.025409
25	20	0.020611
25	30	0.015093
25	40	0.010463
25	50	0.007228
25	60	0.005206
25	70	0.004029
25	80	0.003388
25	90	0.003072
25	100	0.002938
25	110	0.002880
25	120	0.002820
25	130	0.002710
25	140	0.002544
25	150	0.002353
25	160	0.002180
25	170	0.002061
25	180	0.002019
30	0	0.045151
30	10	0.040874
30	20	0.030838
30	30	0.020320
30	40	0.012499
30	50	0.007710
30	60	0.005076
30	70	0.003714
30	80	0.003060
30	90	0.002800
30	100	0.002750
30	110	0.002780
30	120	0.002782
30	130	0.002689
30	140	0.002496
30	150	0.002254
30	160	0.002032
30	170	0.001880
30	180	0.001827
35	0	0.071734
35	10	0.063296
35	20	0.044443
35	30	0.026379
35	40	0.014421
35	50	0.007962
35	60	0.004807
35	70	0.003339
35	80	0.002709
35	90	0.002516
35	100	0.002555
35	110	0.002680
35	120	0.002760
35	130	0.002701
35	140	0.002493
35	150	0.002209
35	160	0.001944
35	170	0.001765
35	180	0.001703
40	0	0.109257
40	10	0.094093
40	20	0.061712
40	30	0.033172
40	40	0.016215
40	50	0.008059
40	60	0.004483
40	70	0.002967
40	80	0.002376
40	90	0.002243
40	100	0.002359
40	110	0.002576
40	120	0.002742
40	130	0.002732
40	140	0.002525
40	150	0.002211
40	160	0.001912
40	170	0.001710
40	180	0.001640
45	0	0.160914
45	10	0.135503
45	20	0.083437
45	30	0.040912
45	40	0.018024
45	50	0.008122
45	60	0.004183
45	70	0.002643
45	80	0.002088
45	90	0.002001
45	100	0.002174
45	110	0.002469
45	120	0.002718
45	130	0.002766
45	140	0.002573
45	150	0.002240
45	160	0.001914
45	170	0.001693
45	180	0.001617
50	0	0.230880
50	10	0.190508
50	20	0.110789
50	30	0.049974
50	40	0.020025
50	50	0.008246
50	60	0.003953
50	70	0.002389
50	80	0.001860
50	90	0.001801
50	100	0.002013
50	110	0.002364
50	120	0.002683
50	130	0.002787
50	140	0.002612
50	150	0.002267
50	160	0.001921
50	170	0.001685
50	180	0.001604
55	0	0.320980
55	10	0.260206
55	20	0.143962
55	30	0.060370
55	40	0.022261
55	50	0.008466
55	60	0.003807
55	70	0.002209
55	80	0.001693
55	90	0.001649
55	100	0.001882
55	110	0.002270
55	120	0.002639
55	130	0.002784
55	140	0.002623
55	150	0.002269
55	160	0.001907
55	170	0.001661
55	180	0.001576
60	0	0.423675
60	10	0.338586
60	20	0.179941
60	30	0.071142
60	40	0.024525
60	50	0.008744
60	60	0.003731
60	70	0.002092
60	80	0.001580
60	90	0.001544
60	100	0.001786
60	110	0.002195
60	120	0.002592
60	130	0.002759
60	140	0.002602
60	150	0.002237
60	160	0.001863
60	170	0.001611
60	180	0.001524
65	0	0.517288
65	10	0.409280
65	20	0.211467
65	30	0.080227
65	40	0.026386
65	50	0.008991
65	60	0.003699
65	70	0.002024
65	80	0.001513
65	90	0.001480
65	100	0.001726
65	110	0.002142
65	120	0.002549
65	130	0.002720
65	140	0.002556
65	150	0.002181
65	160	0.001799
65	170	0.001544
65	180	0.001457
70	0	0.574851
70	10	0.452386
70	20	0.230235
70	30	0.085446
70	40	0.027409
70	50	0.009121
70	60	0.003682
70	70	0.001990
70	80	0.001480
70	90	0.001448
70	100	0.001695
70	110	0.002112
70	120	0.002518
70	130	0.002681
70	140	0.002504
70	150	0.002119
70	160	0.001734
70	170	0.001479
70	180	0.001392
75	0	0.585260
75	10	0.459984
75	20	0.233266
75	30	0.086134
75	40	0.027480
75	50	0.009101
75	60	0.003662
75	70	0.001977
75	80	0.001470
75	90	0.001440
75	100	0.001687
75	110	0.002101
75	120	0.002499
75	130	0.002650
75	140	0.002461
75	150	0.002069
75	160	0.001683
75	170	0.001429
75	180	0.001344
80	0	0.563271
80	10	0.443278
80	20	0.225633
80	30	0.083787
80	40	0.026915
80	50	0.008978
80	60	0.003636
80	70	0.001973
80	80	0.001473
80	90	0.001445
80	100	0.001692
80	110	0.002103
80	120	0.002492
80	130	0.002631
80	140	0.002433
80	150	0.002037
80	160	0.001652
80	170	0.001400
80	180	0.001315
