Jacob	Thu Jun 04 15:31:42 2026
Aeroglaze test 1
 630.79 nanometers
10
  45.000	   0.000	   0.000	 180.000	0.237878	0.000427	 0.179
  10.000	  10.000	   0.000	 180.000	0.252085	0.000472	 0.187
  20.000	  10.000	   0.000	 180.000	0.244151	0.000383	 0.157
  30.000	  30.000	   0.000	 180.000	0.208431	0.000424	 0.204
  60.000	  30.000	   0.000	 180.000	0.224785	0.000381	 0.170
  50.000	  50.000	   0.000	 180.000	0.154715	0.000381	 0.246
 100.000	  50.000	   0.000	 180.000	0.329477	0.000498	 0.151
  70.000	  70.000	   0.000	 180.000	0.087486	0.000373	 0.427
 140.000	  70.000	   0.000	 180.000	2.495040	0.001833	 0.073
  45.000	   0.000	   0.000	 180.000	0.237681	0.000497	 0.209
1.0000	 630.79	8.000	10
-0.002017 +- 0.000284 = dark 1
-0.002010 +- 0.000272 = dark 2
 0.000006 = dark 2 - dark 1
4 = filter number
