BRF Values
ref for optical black anodize
Measurements taken on Thu Sep 19:43:39 by Jacob
BRF values calculated with F:\data\sorted\data_processing_programs\blacklab_rf_calculator_MATLAB\Black_Lab_BRF_v6.m using 0/45 configuration
NIST BRF values linearly interpolated from F:\data\sorted\data_processing_programs\blacklab_rf_calculator_MATLAB\NIST RF files\RSG_working_NIST_standard\NIST_291181-Revised_24477-1-1_0-45_Extended.txt
src_z	src_a	view_z	view_a	630.79nm	852.23nm
  0.000	  0.000	 45.000	  0.000	1.021402	1.021978
 10.000	  0.000	 75.000	180.000	0.910637	0.914768
 10.000	  0.000	 70.000	180.000	0.946387	0.947722
 10.000	  0.000	 65.000	180.000	0.971352	0.973537
 10.000	  0.000	 60.000	180.000	0.992235	0.994312
 10.000	  0.000	 55.000	180.000	1.008424	1.010035
 10.000	  0.000	 50.000	180.000	1.021688	1.022960
 10.000	  0.000	 45.000	180.000	1.033742	1.034900
 10.000	  0.000	 40.000	180.000	1.043607	1.043112
 10.000	  0.000	 35.000	180.000	1.049631	1.051450
 10.000	  0.000	 30.000	180.000	1.055416	1.058524
 10.000	  0.000	 25.000	180.000	1.060698	1.064820
 10.000	  0.000	 20.000	180.000	1.065857	1.068501
 10.000	  0.000	 15.000	180.000	1.068145	1.073284
 10.000	  0.000	 10.000	180.000	1.074352	1.076466
 10.000	  0.000	  5.000	180.000	1.076347	1.082231
 10.000	  0.000	  2.000	180.000	1.076558	1.081826
 10.000	  0.000	 22.000	  0.000	1.061417	1.062548
 10.000	  0.000	 25.000	  0.000	1.054987	1.059104
 10.000	  0.000	 30.000	  0.000	1.045759	1.045399
 10.000	  0.000	 35.000	  0.000	1.032870	1.034258
 10.000	  0.000	 40.000	  0.000	1.023026	1.023580
 10.000	  0.000	 45.000	  0.000	1.009985	1.007638
 10.000	  0.000	 50.000	  0.000	0.993160	0.994153
 10.000	  0.000	 55.000	  0.000	0.975806	0.974875
 10.000	  0.000	 60.000	  0.000	0.955200	0.953233
 10.000	  0.000	 65.000	  0.000	0.928383	0.927722
 10.000	  0.000	 70.000	  0.000	0.899247	0.898027
 10.000	  0.000	 75.000	  0.000	0.858056	0.858840
 30.000	  0.000	 75.000	180.000	0.994861	1.001965
 30.000	  0.000	 70.000	180.000	1.021564	1.028356
 30.000	  0.000	 65.000	180.000	1.038669	1.044758
 30.000	  0.000	 60.000	180.000	1.049281	1.055876
 30.000	  0.000	 55.000	180.000	1.055558	1.062021
 30.000	  0.000	 50.000	180.000	1.060254	1.065611
 30.000	  0.000	 45.000	180.000	1.062773	1.068190
 30.000	  0.000	 40.000	180.000	1.064844	1.069086
 30.000	  0.000	 35.000	180.000	1.064656	1.068999
 30.000	  0.000	 30.000	180.000	1.062891	1.068368
 30.000	  0.000	 25.000	180.000	1.063252	1.067375
 30.000	  0.000	 20.000	180.000	1.061440	1.065641
 30.000	  0.000	 15.000	180.000	1.058568	1.062739
 30.000	  0.000	 10.000	180.000	1.055997	1.059259
 30.000	  0.000	  5.000	180.000	1.056102	1.057512
 30.000	  0.000	  0.000	  0.000	1.054694	1.053273
 30.000	  0.000	  5.000	  0.000	1.049385	1.051321
 30.000	  0.000	 10.000	  0.000	1.047582	1.050240
 30.000	  0.000	 15.000	  0.000	1.044654	1.046038
 30.000	  0.000	 18.000	  0.000	1.044168	1.043781
 30.000	  0.000	 42.000	  0.000	1.000305	0.998311
 30.000	  0.000	 45.000	  0.000	0.989868	0.990134
 30.000	  0.000	 50.000	  0.000	0.973455	0.970659
 30.000	  0.000	 55.000	  0.000	0.952771	0.949762
 30.000	  0.000	 60.000	  0.000	0.932196	0.930922
 30.000	  0.000	 65.000	  0.000	0.906528	0.905046
 30.000	  0.000	 70.000	  0.000	0.875643	0.873554
 30.000	  0.000	 75.000	  0.000	0.837178	0.834777
 50.000	  0.000	 75.000	180.000	1.201211	1.219192
 50.000	  0.000	 70.000	180.000	1.191610	1.207420
 50.000	  0.000	 65.000	180.000	1.173460	1.189863
 50.000	  0.000	 60.000	180.000	1.154680	1.169078
 50.000	  0.000	 55.000	180.000	1.137780	1.149820
 50.000	  0.000	 50.000	180.000	1.118301	1.131188
 50.000	  0.000	 45.000	180.000	1.102080	1.111772
 50.000	  0.000	 40.000	180.000	1.090436	1.096499
 50.000	  0.000	 35.000	180.000	1.073872	1.083153
 50.000	  0.000	 30.000	180.000	1.064276	1.068319
 50.000	  0.000	 25.000	180.000	1.050442	1.057379
 50.000	  0.000	 20.000	180.000	1.042043	1.046039
 50.000	  0.000	 15.000	180.000	1.032811	1.036840
 50.000	  0.000	 10.000	180.000	1.023382	1.027277
 50.000	  0.000	  5.000	180.000	1.016931	1.019768
 50.000	  0.000	  0.000	  0.000	1.009118	1.010109
 50.000	  0.000	  5.000	  0.000	1.004731	1.003402
 50.000	  0.000	 10.000	  0.000	0.998787	0.996846
 50.000	  0.000	 15.000	  0.000	0.991687	0.992556
 50.000	  0.000	 20.000	  0.000	0.987176	0.986358
 50.000	  0.000	 25.000	  0.000	0.981227	0.978379
 50.000	  0.000	 30.000	  0.000	0.977327	0.974372
 50.000	  0.000	 35.000	  0.000	0.972738	0.969830
 50.000	  0.000	 38.000	  0.000	0.972140	0.968001
 50.000	  0.000	 62.000	  0.000	0.911179	0.907896
 50.000	  0.000	 65.000	  0.000	0.899248	0.891097
 50.000	  0.000	 70.000	  0.000	0.870843	0.863487
 50.000	  0.000	 75.000	  0.000	0.833480	0.827707
 70.000	  0.000	 75.000	180.000	1.954567	2.009635
 70.000	  0.000	 70.000	180.000	1.693439	1.736213
 70.000	  0.000	 65.000	180.000	1.514273	1.555793
 70.000	  0.000	 60.000	180.000	1.383752	1.411791
 70.000	  0.000	 55.000	180.000	1.282389	1.304048
 70.000	  0.000	 50.000	180.000	1.204990	1.224125
 70.000	  0.000	 45.000	180.000	1.143609	1.162048
 70.000	  0.000	 40.000	180.000	1.098383	1.112312
 70.000	  0.000	 35.000	180.000	1.059930	1.072836
 70.000	  0.000	 30.000	180.000	1.030230	1.036225
 70.000	  0.000	 25.000	180.000	1.006378	1.008415
 70.000	  0.000	 20.000	180.000	0.983866	0.990431
 70.000	  0.000	 15.000	180.000	0.968038	0.971500
 70.000	  0.000	 10.000	180.000	0.950972	0.953611
 70.000	  0.000	  5.000	180.000	0.938313	0.941830
 70.000	  0.000	  0.000	  0.000	0.928473	0.930352
 70.000	  0.000	  5.000	  0.000	0.917139	0.920588
 70.000	  0.000	 10.000	  0.000	0.911791	0.909837
 70.000	  0.000	 15.000	  0.000	0.904631	0.904807
 70.000	  0.000	 20.000	  0.000	0.898098	0.898456
 70.000	  0.000	 25.000	  0.000	0.891747	0.892251
 70.000	  0.000	 30.000	  0.000	0.888097	0.889179
 70.000	  0.000	 35.000	  0.000	0.887556	0.886953
 70.000	  0.000	 40.000	  0.000	0.883594	0.883994
 70.000	  0.000	 45.000	  0.000	0.886309	0.880159
 70.000	  0.000	 50.000	  0.000	0.884731	0.881556
 70.000	  0.000	 55.000	  0.000	0.887256	0.882498
 70.000	  0.000	 58.000	  0.000	0.887844	0.877453
  0.000	  0.000	 45.000	  0.000	1.020448	1.020483
