BRF Values
Optical Black Anodize on Al (12x12)
Measurements taken on Thu Sep 21:03:20 by Jacob
BRF values calculated with F:\data\sorted\data_processing_programs\blacklab_rf_calculator_MATLAB\Black_Lab_BRF_v6.m using 0/45 configuration
NIST BRF values linearly interpolated from F:\data\sorted\data_processing_programs\blacklab_rf_calculator_MATLAB\NIST RF files\RSG_working_NIST_standard\NIST_291181-Revised_24477-1-1_0-45_Extended.txt
src_z	src_a	view_z	view_a	630.79nm	852.23nm
  0.000	  0.000	 45.000	  0.000	0.060687	0.058554
 10.000	  0.000	 75.000	180.000	0.086416	0.081296
 10.000	  0.000	 70.000	180.000	0.080883	0.076385
 10.000	  0.000	 65.000	180.000	0.076407	0.072573
 10.000	  0.000	 60.000	180.000	0.072820	0.069746
 10.000	  0.000	 55.000	180.000	0.070415	0.068158
 10.000	  0.000	 50.000	180.000	0.068768	0.066693
 10.000	  0.000	 45.000	180.000	0.067753	0.066161
 10.000	  0.000	 40.000	180.000	0.067114	0.066271
 10.000	  0.000	 35.000	180.000	0.066829	0.066621
 10.000	  0.000	 30.000	180.000	0.066955	0.066962
 10.000	  0.000	 25.000	180.000	0.067304	0.067578
 10.000	  0.000	 20.000	180.000	0.067383	0.067866
 10.000	  0.000	 15.000	180.000	0.067478	0.068107
 10.000	  0.000	 10.000	180.000	0.067660	0.068697
 10.000	  0.000	  5.000	180.000	0.068182	0.069396
 10.000	  0.000	  2.000	180.000	0.068833	0.069756
 10.000	  0.000	 22.000	  0.000	0.064056	0.063851
 10.000	  0.000	 25.000	  0.000	0.062548	0.061980
 10.000	  0.000	 30.000	  0.000	0.060122	0.059334
 10.000	  0.000	 35.000	  0.000	0.058329	0.057002
 10.000	  0.000	 40.000	  0.000	0.056863	0.054830
 10.000	  0.000	 45.000	  0.000	0.055888	0.053622
 10.000	  0.000	 50.000	  0.000	0.055135	0.052624
 10.000	  0.000	 55.000	  0.000	0.054808	0.051790
 10.000	  0.000	 60.000	  0.000	0.055410	0.051896
 10.000	  0.000	 65.000	  0.000	0.056399	0.052380
 10.000	  0.000	 70.000	  0.000	0.058174	0.053832
 10.000	  0.000	 75.000	  0.000	0.060724	0.055695
 30.000	  0.000	 75.000	180.000	0.155863	0.151127
 30.000	  0.000	 70.000	180.000	0.138281	0.134707
 30.000	  0.000	 65.000	180.000	0.124049	0.121637
 30.000	  0.000	 60.000	180.000	0.112610	0.110551
 30.000	  0.000	 55.000	180.000	0.103633	0.101847
 30.000	  0.000	 50.000	180.000	0.096253	0.094913
 30.000	  0.000	 45.000	180.000	0.090482	0.089436
 30.000	  0.000	 40.000	180.000	0.085583	0.085203
 30.000	  0.000	 35.000	180.000	0.081432	0.081834
 30.000	  0.000	 30.000	180.000	0.078027	0.078128
 30.000	  0.000	 25.000	180.000	0.075115	0.075359
 30.000	  0.000	 20.000	180.000	0.072528	0.072543
 30.000	  0.000	 15.000	180.000	0.069670	0.070049
 30.000	  0.000	 10.000	180.000	0.067230	0.067172
 30.000	  0.000	  5.000	180.000	0.064864	0.064501
 30.000	  0.000	  0.000	  0.000	0.062914	0.062339
 30.000	  0.000	  5.000	  0.000	0.061524	0.060908
 30.000	  0.000	 10.000	  0.000	0.060337	0.059619
 30.000	  0.000	 15.000	  0.000	0.059727	0.059061
 30.000	  0.000	 18.000	  0.000	0.059757	0.058899
 30.000	  0.000	 42.000	  0.000	0.053445	0.050997
 30.000	  0.000	 45.000	  0.000	0.051988	0.049331
 30.000	  0.000	 50.000	  0.000	0.050363	0.047276
 30.000	  0.000	 55.000	  0.000	0.049491	0.046127
 30.000	  0.000	 60.000	  0.000	0.049204	0.045256
 30.000	  0.000	 65.000	  0.000	0.049474	0.045300
 30.000	  0.000	 70.000	  0.000	0.050486	0.045804
 30.000	  0.000	 75.000	  0.000	0.052267	0.046970
 50.000	  0.000	 75.000	180.000	0.352916	0.355644
 50.000	  0.000	 70.000	180.000	0.300708	0.304186
 50.000	  0.000	 65.000	180.000	0.254888	0.256353
 50.000	  0.000	 60.000	180.000	0.215820	0.215799
 50.000	  0.000	 55.000	180.000	0.183487	0.182620
 50.000	  0.000	 50.000	180.000	0.157215	0.156995
 50.000	  0.000	 45.000	180.000	0.136962	0.135386
 50.000	  0.000	 40.000	180.000	0.121069	0.119351
 50.000	  0.000	 35.000	180.000	0.107404	0.105831
 50.000	  0.000	 30.000	180.000	0.096676	0.095494
 50.000	  0.000	 25.000	180.000	0.087918	0.086845
 50.000	  0.000	 20.000	180.000	0.080690	0.079030
 50.000	  0.000	 15.000	180.000	0.074594	0.072535
 50.000	  0.000	 10.000	180.000	0.069238	0.067323
 50.000	  0.000	  5.000	180.000	0.064826	0.062598
 50.000	  0.000	  0.000	  0.000	0.060904	0.058580
 50.000	  0.000	  5.000	  0.000	0.057682	0.055415
 50.000	  0.000	 10.000	  0.000	0.055301	0.052661
 50.000	  0.000	 15.000	  0.000	0.053378	0.050581
 50.000	  0.000	 20.000	  0.000	0.051925	0.049104
 50.000	  0.000	 25.000	  0.000	0.050869	0.047948
 50.000	  0.000	 30.000	  0.000	0.050477	0.047455
 50.000	  0.000	 35.000	  0.000	0.050781	0.047401
 50.000	  0.000	 38.000	  0.000	0.051153	0.047861
 50.000	  0.000	 62.000	  0.000	0.053291	0.048309
 50.000	  0.000	 65.000	  0.000	0.053279	0.047837
 50.000	  0.000	 70.000	  0.000	0.054230	0.048393
 50.000	  0.000	 75.000	  0.000	0.056032	0.049575
 70.000	  0.000	 75.000	180.000	0.965945	1.056719
 70.000	  0.000	 70.000	180.000	0.744776	0.790807
 70.000	  0.000	 65.000	180.000	0.593422	0.620877
 70.000	  0.000	 60.000	180.000	0.479746	0.492968
 70.000	  0.000	 55.000	180.000	0.383985	0.392133
 70.000	  0.000	 50.000	180.000	0.308706	0.310973
 70.000	  0.000	 45.000	180.000	0.248992	0.250189
 70.000	  0.000	 40.000	180.000	0.202641	0.202002
 70.000	  0.000	 35.000	180.000	0.167642	0.164575
 70.000	  0.000	 30.000	180.000	0.141267	0.137173
 70.000	  0.000	 25.000	180.000	0.120425	0.115791
 70.000	  0.000	 20.000	180.000	0.104342	0.100032
 70.000	  0.000	 15.000	180.000	0.091906	0.087058
 70.000	  0.000	 10.000	180.000	0.081765	0.077282
 70.000	  0.000	  5.000	180.000	0.073918	0.069458
 70.000	  0.000	  0.000	  0.000	0.067433	0.063147
 70.000	  0.000	  5.000	  0.000	0.062466	0.057955
 70.000	  0.000	 10.000	  0.000	0.058425	0.054343
 70.000	  0.000	 15.000	  0.000	0.055458	0.051219
 70.000	  0.000	 20.000	  0.000	0.053049	0.049093
 70.000	  0.000	 25.000	  0.000	0.051401	0.047275
 70.000	  0.000	 30.000	  0.000	0.050560	0.046327
 70.000	  0.000	 35.000	  0.000	0.050405	0.046243
 70.000	  0.000	 40.000	  0.000	0.050899	0.046789
 70.000	  0.000	 45.000	  0.000	0.052340	0.047999
 70.000	  0.000	 50.000	  0.000	0.054629	0.050091
 70.000	  0.000	 55.000	  0.000	0.058320	0.053841
 70.000	  0.000	 58.000	  0.000	0.060566	0.054025
  0.000	  0.000	 45.000	  0.000	0.060644	0.058538
