Jacob K	Thu Sep 10 21:03:20 2026
Optical Black Anodize on Al (12x12)
 630.79 nanometers
114
  45.000	   0.000	   0.000	   0.000	0.545109	0.001950	 0.358
  85.000	  10.000	   0.000	 180.000	0.764424	0.001944	 0.254
  80.000	  10.000	   0.000	 180.000	0.715484	0.001134	 0.159
  75.000	  10.000	   0.000	 180.000	0.675889	0.001858	 0.275
  70.000	  10.000	   0.000	 180.000	0.644159	0.001582	 0.246
  65.000	  10.000	   0.000	 180.000	0.622887	0.002403	 0.386
  60.000	  10.000	   0.000	 180.000	0.608317	0.002737	 0.450
  55.000	  10.000	   0.000	 180.000	0.599334	0.001552	 0.259
  50.000	  10.000	   0.000	 180.000	0.593684	0.001211	 0.204
  45.000	  10.000	   0.000	 180.000	0.591161	0.002039	 0.345
  40.000	  10.000	   0.000	 180.000	0.592276	0.001908	 0.322
  35.000	  10.000	   0.000	 180.000	0.595363	0.001462	 0.246
  30.000	  10.000	   0.000	 180.000	0.596062	0.001248	 0.209
  25.000	  10.000	   0.000	 180.000	0.596907	0.001809	 0.303
  20.000	  10.000	   0.000	 180.000	0.598515	0.001157	 0.193
  15.000	  10.000	   0.000	 180.000	0.603128	0.001793	 0.297
  12.000	  10.000	   0.000	 180.000	0.608888	0.001829	 0.300
  12.000	 -10.000	   0.000	   0.000	0.566636	0.002672	 0.472
  15.000	 -10.000	   0.000	   0.000	0.553291	0.000699	 0.126
  20.000	 -10.000	   0.000	   0.000	0.531831	0.002169	 0.408
  25.000	 -10.000	   0.000	   0.000	0.515969	0.001887	 0.366
  30.000	 -10.000	   0.000	   0.000	0.503009	0.001517	 0.302
  35.000	 -10.000	   0.000	   0.000	0.494376	0.001919	 0.388
  40.000	 -10.000	   0.000	   0.000	0.487718	0.001151	 0.236
  45.000	 -10.000	   0.000	   0.000	0.484828	0.001716	 0.354
  50.000	 -10.000	   0.000	   0.000	0.490151	0.000994	 0.203
  55.000	 -10.000	   0.000	   0.000	0.498898	0.001258	 0.252
  60.000	 -10.000	   0.000	   0.000	0.514600	0.001067	 0.207
  65.000	 -10.000	   0.000	   0.000	0.537162	0.001573	 0.293
 105.000	  30.000	   0.000	 180.000	1.212450	0.001948	 0.161
 100.000	  30.000	   0.000	 180.000	1.075680	0.003243	 0.301
  95.000	  30.000	   0.000	 180.000	0.964972	0.003021	 0.313
  90.000	  30.000	   0.000	 180.000	0.875989	0.002663	 0.304
  85.000	  30.000	   0.000	 180.000	0.806156	0.002529	 0.314
  80.000	  30.000	   0.000	 180.000	0.748747	0.001818	 0.243
  75.000	  30.000	   0.000	 180.000	0.703858	0.001845	 0.262
  70.000	  30.000	   0.000	 180.000	0.665749	0.001554	 0.233
  65.000	  30.000	   0.000	 180.000	0.633457	0.002472	 0.390
  60.000	  30.000	   0.000	 180.000	0.606970	0.001328	 0.219
  55.000	  30.000	   0.000	 180.000	0.584319	0.001818	 0.311
  50.000	  30.000	   0.000	 180.000	0.564190	0.001172	 0.208
  45.000	  30.000	   0.000	 180.000	0.541960	0.001705	 0.315
  40.000	  30.000	   0.000	 180.000	0.522978	0.002879	 0.551
  35.000	  30.000	   0.000	 180.000	0.504578	0.001485	 0.294
  30.000	  30.000	   0.000	 180.000	0.489407	0.001100	 0.225
  25.000	  30.000	   0.000	 180.000	0.478595	0.001407	 0.294
  20.000	  30.000	   0.000	 180.000	0.469356	0.001420	 0.303
  15.000	  30.000	   0.000	 180.000	0.464611	0.001639	 0.353
  12.000	  30.000	   0.000	 180.000	0.464847	0.001582	 0.340
  12.000	 -30.000	   0.000	   0.000	0.415746	0.000769	 0.185
  15.000	 -30.000	   0.000	   0.000	0.404411	0.001505	 0.372
  20.000	 -30.000	   0.000	   0.000	0.391775	0.001404	 0.358
  25.000	 -30.000	   0.000	   0.000	0.384991	0.000910	 0.236
  30.000	 -30.000	   0.000	   0.000	0.382757	0.000947	 0.247
  35.000	 -30.000	   0.000	   0.000	0.384853	0.001166	 0.303
  40.000	 -30.000	   0.000	   0.000	0.392731	0.001171	 0.298
  45.000	 -30.000	   0.000	   0.000	0.406584	0.000750	 0.184
 125.000	  50.000	   0.000	 180.000	2.037649	0.008335	 0.409
 120.000	  50.000	   0.000	 180.000	1.736213	0.005094	 0.293
 115.000	  50.000	   0.000	 180.000	1.471663	0.004709	 0.320
 110.000	  50.000	   0.000	 180.000	1.246094	0.002894	 0.232
 105.000	  50.000	   0.000	 180.000	1.059407	0.001976	 0.187
 100.000	  50.000	   0.000	 180.000	0.907720	0.002137	 0.235
  95.000	  50.000	   0.000	 180.000	0.790785	0.002631	 0.333
  90.000	  50.000	   0.000	 180.000	0.699020	0.001978	 0.283
  85.000	  50.000	   0.000	 180.000	0.620122	0.002078	 0.335
  80.000	  50.000	   0.000	 180.000	0.558185	0.002164	 0.388
  75.000	  50.000	   0.000	 180.000	0.507619	0.001278	 0.252
  70.000	  50.000	   0.000	 180.000	0.465887	0.001553	 0.333
  65.000	  50.000	   0.000	 180.000	0.430685	0.001520	 0.353
  60.000	  50.000	   0.000	 180.000	0.399763	0.001104	 0.276
  55.000	  50.000	   0.000	 180.000	0.374289	0.000834	 0.223
  50.000	  50.000	   0.000	 180.000	0.351644	0.001551	 0.441
  45.000	  50.000	   0.000	 180.000	0.333041	0.001045	 0.314
  40.000	  50.000	   0.000	 180.000	0.319292	0.001119	 0.351
  35.000	  50.000	   0.000	 180.000	0.308189	0.001084	 0.352
  30.000	  50.000	   0.000	 180.000	0.299805	0.000771	 0.257
  25.000	  50.000	   0.000	 180.000	0.293707	0.000794	 0.270
  20.000	  50.000	   0.000	 180.000	0.291443	0.001000	 0.343
  15.000	  50.000	   0.000	 180.000	0.293198	0.001058	 0.361
  12.000	  50.000	   0.000	 180.000	0.295343	0.001398	 0.473
  12.000	 -50.000	   0.000	   0.000	0.307687	0.000936	 0.304
  15.000	 -50.000	   0.000	   0.000	0.307622	0.001206	 0.392
  20.000	 -50.000	   0.000	   0.000	0.313109	0.000630	 0.201
  25.000	 -50.000	   0.000	   0.000	0.323513	0.000800	 0.247
 145.000	  70.000	   0.000	 180.000	2.967529	0.008338	 0.281
 140.000	  70.000	   0.000	 180.000	2.288065	0.008856	 0.387
 135.000	  70.000	   0.000	 180.000	1.823083	0.003683	 0.202
 130.000	  70.000	   0.000	 180.000	1.473852	0.006607	 0.448
 125.000	  70.000	   0.000	 180.000	1.179660	0.001842	 0.156
 120.000	  70.000	   0.000	 180.000	0.948392	0.002720	 0.287
 115.000	  70.000	   0.000	 180.000	0.764941	0.003406	 0.445
 110.000	  70.000	   0.000	 180.000	0.622544	0.002127	 0.342
 105.000	  70.000	   0.000	 180.000	0.515021	0.002166	 0.420
 100.000	  70.000	   0.000	 180.000	0.433992	0.001332	 0.307
  95.000	  70.000	   0.000	 180.000	0.369963	0.001094	 0.296
  90.000	  70.000	   0.000	 180.000	0.320553	0.000843	 0.263
  85.000	  70.000	   0.000	 180.000	0.282348	0.001212	 0.429
  80.000	  70.000	   0.000	 180.000	0.251193	0.001126	 0.448
  75.000	  70.000	   0.000	 180.000	0.227087	0.000741	 0.326
  70.000	  70.000	   0.000	 180.000	0.207163	0.000395	 0.191
  65.000	  70.000	   0.000	 180.000	0.191906	0.001044	 0.544
  60.000	  70.000	   0.000	 180.000	0.179491	0.000306	 0.171
  55.000	  70.000	   0.000	 180.000	0.170375	0.000756	 0.443
  50.000	  70.000	   0.000	 180.000	0.162976	0.000641	 0.393
  45.000	  70.000	   0.000	 180.000	0.157912	0.000456	 0.289
  40.000	  70.000	   0.000	 180.000	0.155327	0.000612	 0.394
  35.000	  70.000	   0.000	 180.000	0.154851	0.000834	 0.539
  30.000	  70.000	   0.000	 180.000	0.156370	0.000661	 0.423
  25.000	  70.000	   0.000	 180.000	0.160797	0.000461	 0.287
  20.000	  70.000	   0.000	 180.000	0.167827	0.000422	 0.251
  15.000	  70.000	   0.000	 180.000	0.179169	0.000652	 0.364
  12.000	  70.000	   0.000	 180.000	0.186067	0.000325	 0.175
  45.000	   0.000	   0.000	   0.000	0.544728	0.001390	 0.255
1.0000	 630.79	8.000	10
-0.000427 +- 0.000071 = dark 1
-0.000756 +- 0.000082 = dark 2
-0.000330 = dark 2 - dark 1
4 = filter number
