Jacob K	Thu Sep 10 21:27:58 2026
Optical Black Anodize on Al (12x12)
 852.23 nanometers
114
  45.000	   0.000	   0.000	   0.000	0.089386	0.000286	 0.320
  85.000	  10.000	   0.000	 180.000	0.122217	0.000452	 0.370
  80.000	  10.000	   0.000	 180.000	0.114834	0.000439	 0.383
  75.000	  10.000	   0.000	 180.000	0.109103	0.000217	 0.199
  70.000	  10.000	   0.000	 180.000	0.104854	0.000392	 0.373
  65.000	  10.000	   0.000	 180.000	0.102467	0.000325	 0.318
  60.000	  10.000	   0.000	 180.000	0.100264	0.000316	 0.315
  55.000	  10.000	   0.000	 180.000	0.099464	0.000300	 0.302
  50.000	  10.000	   0.000	 180.000	0.099630	0.000360	 0.361
  45.000	  10.000	   0.000	 180.000	0.100156	0.000406	 0.405
  40.000	  10.000	   0.000	 180.000	0.100668	0.000378	 0.376
  35.000	  10.000	   0.000	 180.000	0.101595	0.000315	 0.310
  30.000	  10.000	   0.000	 180.000	0.102028	0.000394	 0.386
  25.000	  10.000	   0.000	 180.000	0.102390	0.000394	 0.385
  20.000	  10.000	   0.000	 180.000	0.103277	0.000449	 0.435
  15.000	  10.000	   0.000	 180.000	0.104328	0.000246	 0.235
  12.000	  10.000	   0.000	 180.000	0.104869	0.000337	 0.321
  12.000	 -10.000	   0.000	   0.000	0.095992	0.000556	 0.579
  15.000	 -10.000	   0.000	   0.000	0.093179	0.000294	 0.315
  20.000	 -10.000	   0.000	   0.000	0.089200	0.000300	 0.337
  25.000	 -10.000	   0.000	   0.000	0.085695	0.000358	 0.418
  30.000	 -10.000	   0.000	   0.000	0.082429	0.000455	 0.552
  35.000	 -10.000	   0.000	   0.000	0.080614	0.000144	 0.179
  40.000	 -10.000	   0.000	   0.000	0.079113	0.000159	 0.201
  45.000	 -10.000	   0.000	   0.000	0.077860	0.000258	 0.331
  50.000	 -10.000	   0.000	   0.000	0.078018	0.000219	 0.281
  55.000	 -10.000	   0.000	   0.000	0.078746	0.000212	 0.269
  60.000	 -10.000	   0.000	   0.000	0.080929	0.000296	 0.366
  65.000	 -10.000	   0.000	   0.000	0.083730	0.000249	 0.297
 105.000	  30.000	   0.000	 180.000	0.199796	0.000435	 0.218
 100.000	  30.000	   0.000	 180.000	0.178088	0.000366	 0.205
  95.000	  30.000	   0.000	 180.000	0.160808	0.000513	 0.319
  90.000	  30.000	   0.000	 180.000	0.146153	0.000290	 0.198
  85.000	  30.000	   0.000	 180.000	0.134646	0.000240	 0.178
  80.000	  30.000	   0.000	 180.000	0.125478	0.000470	 0.374
  75.000	  30.000	   0.000	 180.000	0.118238	0.000320	 0.270
  70.000	  30.000	   0.000	 180.000	0.112642	0.000460	 0.408
  65.000	  30.000	   0.000	 180.000	0.108188	0.000400	 0.370
  60.000	  30.000	   0.000	 180.000	0.103288	0.000294	 0.285
  55.000	  30.000	   0.000	 180.000	0.099627	0.000314	 0.315
  50.000	  30.000	   0.000	 180.000	0.095905	0.000325	 0.339
  45.000	  30.000	   0.000	 180.000	0.092607	0.000352	 0.380
  40.000	  30.000	   0.000	 180.000	0.088804	0.000519	 0.585
  35.000	  30.000	   0.000	 180.000	0.085273	0.000192	 0.225
  30.000	  30.000	   0.000	 180.000	0.082415	0.000245	 0.298
  25.000	  30.000	   0.000	 180.000	0.080522	0.000291	 0.361
  20.000	  30.000	   0.000	 180.000	0.078818	0.000196	 0.248
  15.000	  30.000	   0.000	 180.000	0.078081	0.000159	 0.204
  12.000	  30.000	   0.000	 180.000	0.077867	0.000229	 0.294
  12.000	 -30.000	   0.000	   0.000	0.067420	0.000306	 0.453
  15.000	 -30.000	   0.000	   0.000	0.065218	0.000248	 0.380
  20.000	 -30.000	   0.000	   0.000	0.062500	0.000260	 0.415
  25.000	 -30.000	   0.000	   0.000	0.060981	0.000262	 0.429
  30.000	 -30.000	   0.000	   0.000	0.059830	0.000221	 0.369
  35.000	 -30.000	   0.000	   0.000	0.059888	0.000145	 0.243
  40.000	 -30.000	   0.000	   0.000	0.060554	0.000205	 0.339
  45.000	 -30.000	   0.000	   0.000	0.062096	0.000224	 0.361
 125.000	  50.000	   0.000	 180.000	0.348976	0.000905	 0.259
 120.000	  50.000	   0.000	 180.000	0.298483	0.000657	 0.220
 115.000	  50.000	   0.000	 180.000	0.251547	0.000618	 0.245
 110.000	  50.000	   0.000	 180.000	0.211753	0.000611	 0.289
 105.000	  50.000	   0.000	 180.000	0.179196	0.000641	 0.357
 100.000	  50.000	   0.000	 180.000	0.154052	0.000305	 0.198
  95.000	  50.000	   0.000	 180.000	0.132848	0.000513	 0.386
  90.000	  50.000	   0.000	 180.000	0.117113	0.000460	 0.392
  85.000	  50.000	   0.000	 180.000	0.103847	0.000391	 0.377
  80.000	  50.000	   0.000	 180.000	0.093704	0.000287	 0.306
  75.000	  50.000	   0.000	 180.000	0.085217	0.000342	 0.401
  70.000	  50.000	   0.000	 180.000	0.077548	0.000296	 0.382
  65.000	  50.000	   0.000	 180.000	0.071175	0.000294	 0.413
  60.000	  50.000	   0.000	 180.000	0.066061	0.000250	 0.379
  55.000	  50.000	   0.000	 180.000	0.061424	0.000192	 0.312
  50.000	  50.000	   0.000	 180.000	0.057482	0.000225	 0.392
  45.000	  50.000	   0.000	 180.000	0.054376	0.000171	 0.315
  40.000	  50.000	   0.000	 180.000	0.051674	0.000242	 0.468
  35.000	  50.000	   0.000	 180.000	0.049633	0.000227	 0.458
  30.000	  50.000	   0.000	 180.000	0.048183	0.000154	 0.319
  25.000	  50.000	   0.000	 180.000	0.047049	0.000205	 0.435
  20.000	  50.000	   0.000	 180.000	0.046565	0.000184	 0.394
  15.000	  50.000	   0.000	 180.000	0.046512	0.000126	 0.271
  12.000	  50.000	   0.000	 180.000	0.046964	0.000159	 0.339
  12.000	 -50.000	   0.000	   0.000	0.047403	0.000220	 0.463
  15.000	 -50.000	   0.000	   0.000	0.046940	0.000180	 0.384
  20.000	 -50.000	   0.000	   0.000	0.047486	0.000191	 0.401
  25.000	 -50.000	   0.000	   0.000	0.048646	0.000182	 0.374
 145.000	  70.000	   0.000	 180.000	0.551727	0.002430	 0.440
 140.000	  70.000	   0.000	 180.000	0.412891	0.000871	 0.211
 135.000	  70.000	   0.000	 180.000	0.324168	0.001077	 0.332
 130.000	  70.000	   0.000	 180.000	0.257385	0.000816	 0.317
 125.000	  70.000	   0.000	 180.000	0.204738	0.000780	 0.381
 120.000	  70.000	   0.000	 180.000	0.162363	0.000498	 0.306
 115.000	  70.000	   0.000	 180.000	0.130627	0.000270	 0.207
 110.000	  70.000	   0.000	 180.000	0.105468	0.000352	 0.333
 105.000	  70.000	   0.000	 180.000	0.085927	0.000293	 0.341
 100.000	  70.000	   0.000	 180.000	0.071620	0.000332	 0.464
  95.000	  70.000	   0.000	 180.000	0.060456	0.000319	 0.528
  90.000	  70.000	   0.000	 180.000	0.052228	0.000221	 0.424
  85.000	  70.000	   0.000	 180.000	0.045454	0.000129	 0.285
  80.000	  70.000	   0.000	 180.000	0.040350	0.000182	 0.452
  75.000	  70.000	   0.000	 180.000	0.036265	0.000210	 0.579
  70.000	  70.000	   0.000	 180.000	0.032970	0.000104	 0.317
  65.000	  70.000	   0.000	 180.000	0.030259	0.000160	 0.529
  60.000	  70.000	   0.000	 180.000	0.028373	0.000177	 0.624
  55.000	  70.000	   0.000	 180.000	0.026742	0.000101	 0.376
  50.000	  70.000	   0.000	 180.000	0.025632	0.000083	 0.323
  45.000	  70.000	   0.000	 180.000	0.024683	0.000105	 0.425
  40.000	  70.000	   0.000	 180.000	0.024188	0.000134	 0.555
  35.000	  70.000	   0.000	 180.000	0.024144	0.000119	 0.493
  30.000	  70.000	   0.000	 180.000	0.024429	0.000096	 0.392
  25.000	  70.000	   0.000	 180.000	0.025061	0.000116	 0.464
  20.000	  70.000	   0.000	 180.000	0.026153	0.000108	 0.413
  15.000	  70.000	   0.000	 180.000	0.028111	0.000110	 0.390
  12.000	  70.000	   0.000	 180.000	0.028207	0.000099	 0.352
  45.000	   0.000	   0.000	   0.000	0.089361	0.000345	 0.386
1.0000	 852.23	8.000	9
 0.000079 +- 0.000041 = dark 1
-0.000245 +- 0.000030 = dark 2
-0.000324 = dark 2 - dark 1
9 = filter number
