nik	Thu Jun 04 16:06:04 2026
aeroglaze retry with only 631 nm wavelenth
 630.79 nanometers
10
  45.000	   0.000	   0.000	 180.000	0.236557	0.000542	 0.229
  10.000	  10.000	   0.000	 180.000	0.250380	0.000487	 0.194
  20.000	  10.000	   0.000	 180.000	0.242825	0.000566	 0.233
  30.000	  30.000	   0.000	 180.000	0.207381	0.000432	 0.208
  60.000	  30.000	   0.000	 180.000	0.222851	0.000378	 0.169
  50.000	  50.000	   0.000	 180.000	0.152938	0.000371	 0.242
 100.000	  50.000	   0.000	 180.000	0.327458	0.000535	 0.163
  70.000	  70.000	   0.000	 180.000	0.085812	0.000254	 0.296
 140.000	  70.000	   0.000	 180.000	2.487785	0.006015	 0.242
  45.000	   0.000	   0.000	 180.000	0.236211	0.000873	 0.370
1.0000	 630.79	8.000	10
-0.002106 +- 0.000092 = dark 1
-0.002138 +- 0.000196 = dark 2
-0.000033 = dark 2 - dark 1
4 = filter number
