nik	Wed Jul 15 15:21:51 2026
LOFT 3x6" sample Invar Anoplate NITE
1059.04 nanometers
114
  45.000	   0.000	   0.000	   0.000	0.361821	0.000600	 0.166
  85.000	  10.000	   0.000	 180.000	0.348041	0.000691	 0.198
  80.000	  10.000	   0.000	 180.000	0.364099	0.000887	 0.244
  75.000	  10.000	   0.000	 180.000	0.383145	0.001400	 0.365
  70.000	  10.000	   0.000	 180.000	0.403780	0.001082	 0.268
  65.000	  10.000	   0.000	 180.000	0.437124	0.001277	 0.292
  60.000	  10.000	   0.000	 180.000	0.481606	0.001540	 0.320
  55.000	  10.000	   0.000	 180.000	0.536098	0.003142	 0.586
  50.000	  10.000	   0.000	 180.000	0.613228	0.001644	 0.268
  45.000	  10.000	   0.000	 180.000	0.731908	0.001319	 0.180
  40.000	  10.000	   0.000	 180.000	0.904356	0.001328	 0.147
  35.000	  10.000	   0.000	 180.000	1.220453	0.003168	 0.260
  30.000	  10.000	   0.000	 180.000	1.862177	0.005828	 0.313
  25.000	  10.000	   0.000	 180.000	3.133465	0.006960	 0.222
  20.000	  10.000	   0.000	 180.000	4.186263	0.013575	 0.324
  15.000	  10.000	   0.000	 180.000	2.794459	0.007781	 0.278
  12.000	  10.000	   0.000	 180.000	1.946207	0.003741	 0.192
  12.000	 -10.000	   0.000	   0.000	0.474798	0.000979	 0.206
  15.000	 -10.000	   0.000	   0.000	0.427787	0.001566	 0.366
  20.000	 -10.000	   0.000	   0.000	0.367900	0.000881	 0.240
  25.000	 -10.000	   0.000	   0.000	0.316175	0.000703	 0.222
  30.000	 -10.000	   0.000	   0.000	0.279277	0.000735	 0.263
  35.000	 -10.000	   0.000	   0.000	0.245184	0.000824	 0.336
  40.000	 -10.000	   0.000	   0.000	0.219846	0.000780	 0.355
  45.000	 -10.000	   0.000	   0.000	0.199790	0.000687	 0.344
  50.000	 -10.000	   0.000	   0.000	0.182261	0.000420	 0.230
  55.000	 -10.000	   0.000	   0.000	0.167889	0.000506	 0.301
  60.000	 -10.000	   0.000	   0.000	0.150922	0.000510	 0.338
  65.000	 -10.000	   0.000	   0.000	0.133280	0.000249	 0.187
 105.000	  30.000	   0.000	 180.000	0.985634	0.002442	 0.248
 100.000	  30.000	   0.000	 180.000	0.944424	0.002231	 0.236
  95.000	  30.000	   0.000	 180.000	0.933158	0.002130	 0.228
  90.000	  30.000	   0.000	 180.000	0.954672	0.001318	 0.138
  85.000	  30.000	   0.000	 180.000	1.034868	0.001643	 0.159
  80.000	  30.000	   0.000	 180.000	1.189096	0.004687	 0.394
  75.000	  30.000	   0.000	 180.000	1.487282	0.003497	 0.235
  70.000	  30.000	   0.000	 180.000	2.161703	0.005716	 0.264
  65.000	  30.000	   0.000	 180.000	3.549087	0.011397	 0.321
  60.000	  30.000	   0.000	 180.000	4.625568	0.009606	 0.208
  55.000	  30.000	   0.000	 180.000	2.956042	0.007743	 0.262
  50.000	  30.000	   0.000	 180.000	1.584713	0.006223	 0.393
  45.000	  30.000	   0.000	 180.000	1.019051	0.002987	 0.293
  40.000	  30.000	   0.000	 180.000	0.739192	0.002088	 0.282
  35.000	  30.000	   0.000	 180.000	0.584018	0.001590	 0.272
  30.000	  30.000	   0.000	 180.000	0.472164	0.001861	 0.394
  25.000	  30.000	   0.000	 180.000	0.391332	0.000919	 0.235
  20.000	  30.000	   0.000	 180.000	0.326957	0.001088	 0.333
  15.000	  30.000	   0.000	 180.000	0.272973	0.001037	 0.380
  12.000	  30.000	   0.000	 180.000	0.247576	0.000489	 0.198
  12.000	 -30.000	   0.000	   0.000	0.126269	0.000457	 0.362
  15.000	 -30.000	   0.000	   0.000	0.119708	0.000393	 0.328
  20.000	 -30.000	   0.000	   0.000	0.107075	0.000329	 0.307
  25.000	 -30.000	   0.000	   0.000	0.096833	0.000274	 0.283
  30.000	 -30.000	   0.000	   0.000	0.087213	0.000289	 0.331
  35.000	 -30.000	   0.000	   0.000	0.078977	0.000236	 0.299
  40.000	 -30.000	   0.000	   0.000	0.068169	0.000251	 0.369
  45.000	 -30.000	   0.000	   0.000	0.053530	0.000186	 0.348
 125.000	  50.000	   0.000	 180.000	3.552172	0.009715	 0.274
 120.000	  50.000	   0.000	 180.000	3.260522	0.008388	 0.257
 115.000	  50.000	   0.000	 180.000	3.379494	0.009450	 0.280
 110.000	  50.000	   0.000	 180.000	4.128545	0.011137	 0.270
 105.000	  50.000	   0.000	 180.000	5.988753	0.025224	 0.421
 100.000	  50.000	   0.000	 180.000	7.350162	0.034050	 0.463
  95.000	  50.000	   0.000	 180.000	4.118613	0.012793	 0.311
  90.000	  50.000	   0.000	 180.000	2.017085	0.007355	 0.365
  85.000	  50.000	   0.000	 180.000	1.212769	0.005130	 0.423
  80.000	  50.000	   0.000	 180.000	0.837779	0.002664	 0.318
  75.000	  50.000	   0.000	 180.000	0.629452	0.001852	 0.294
  70.000	  50.000	   0.000	 180.000	0.495581	0.002000	 0.404
  65.000	  50.000	   0.000	 180.000	0.397199	0.001766	 0.444
  60.000	  50.000	   0.000	 180.000	0.321490	0.001012	 0.315
  55.000	  50.000	   0.000	 180.000	0.260642	0.000394	 0.151
  50.000	  50.000	   0.000	 180.000	0.212225	0.000533	 0.251
  45.000	  50.000	   0.000	 180.000	0.174873	0.000910	 0.520
  40.000	  50.000	   0.000	 180.000	0.148210	0.000482	 0.325
  35.000	  50.000	   0.000	 180.000	0.124958	0.000728	 0.583
  30.000	  50.000	   0.000	 180.000	0.106913	0.000564	 0.527
  25.000	  50.000	   0.000	 180.000	0.092698	0.000389	 0.420
  20.000	  50.000	   0.000	 180.000	0.081186	0.000266	 0.327
  15.000	  50.000	   0.000	 180.000	0.072530	0.000299	 0.412
  12.000	  50.000	   0.000	 180.000	0.068100	0.000288	 0.423
  12.000	 -50.000	   0.000	   0.000	0.041995	0.000161	 0.383
  15.000	 -50.000	   0.000	   0.000	0.040510	0.000179	 0.442
  20.000	 -50.000	   0.000	   0.000	0.034657	0.000190	 0.549
  25.000	 -50.000	   0.000	   0.000	0.026375	0.000174	 0.658
 145.000	  70.000	   0.000	 180.000	10.746349	0.001461	 0.014
 140.000	  70.000	   0.000	 180.000	10.746898	0.001460	 0.014
 135.000	  70.000	   0.000	 180.000	10.747321	0.001460	 0.014
 130.000	  70.000	   0.000	 180.000	5.517352	0.010081	 0.183
 125.000	  70.000	   0.000	 180.000	2.800856	0.006702	 0.239
 120.000	  70.000	   0.000	 180.000	1.657854	0.002863	 0.173
 115.000	  70.000	   0.000	 180.000	1.078748	0.002372	 0.220
 110.000	  70.000	   0.000	 180.000	0.742418	0.003124	 0.421
 105.000	  70.000	   0.000	 180.000	0.532047	0.001786	 0.336
 100.000	  70.000	   0.000	 180.000	0.391302	0.001263	 0.323
  95.000	  70.000	   0.000	 180.000	0.286397	0.001227	 0.429
  90.000	  70.000	   0.000	 180.000	0.222030	0.000994	 0.448
  85.000	  70.000	   0.000	 180.000	0.170696	0.000426	 0.249
  80.000	  70.000	   0.000	 180.000	0.135018	0.000564	 0.418
  75.000	  70.000	   0.000	 180.000	0.107087	0.000348	 0.325
  70.000	  70.000	   0.000	 180.000	0.085539	0.000379	 0.443
  65.000	  70.000	   0.000	 180.000	0.069199	0.000317	 0.458
  60.000	  70.000	   0.000	 180.000	0.056799	0.000171	 0.301
  55.000	  70.000	   0.000	 180.000	0.047236	0.000243	 0.514
  50.000	  70.000	   0.000	 180.000	0.040803	0.000187	 0.458
  45.000	  70.000	   0.000	 180.000	0.035944	0.000230	 0.641
  40.000	  70.000	   0.000	 180.000	0.032241	0.000199	 0.619
  35.000	  70.000	   0.000	 180.000	0.029924	0.000188	 0.629
  30.000	  70.000	   0.000	 180.000	0.029552	0.000185	 0.626
  25.000	  70.000	   0.000	 180.000	0.031328	0.000164	 0.522
  20.000	  70.000	   0.000	 180.000	0.036438	0.000211	 0.579
  15.000	  70.000	   0.000	 180.000	0.046386	0.000164	 0.354
  12.000	  70.000	   0.000	 180.000	0.022029	0.000195	 0.885
  45.000	   0.000	   0.000	   0.000	0.360975	0.001406	 0.390
1.0000	1059.04	8.000	10
-0.002126 +- 0.000092 = dark 1
-0.002077 +- 0.000063 = dark 2
 0.000049 = dark 2 - dark 1
11 = filter number
