BRF Values
Reference for Z307 on Al
Measurements taken on Thu Sep 15:15:10 by Jacob
BRF values calculated with F:\data\sorted\data_processing_programs\blacklab_rf_calculator_MATLAB\Black_Lab_BRF_v6.m using 0/45 configuration
NIST BRF values linearly interpolated from F:\data\sorted\data_processing_programs\blacklab_rf_calculator_MATLAB\NIST RF files\RSG_working_NIST_standard\NIST_291181-Revised_24477-1-1_0-45_Extended.txt
src_z	src_a	view_z	view_a	630.79nm	852.23nm
  0.000	  0.000	 45.000	  0.000	1.020860	1.022231
 10.000	  0.000	 75.000	180.000	0.909974	0.915373
 10.000	  0.000	 70.000	180.000	0.943779	0.948856
 10.000	  0.000	 65.000	180.000	0.970683	0.973807
 10.000	  0.000	 60.000	180.000	0.993635	0.995596
 10.000	  0.000	 55.000	180.000	1.008954	1.009565
 10.000	  0.000	 50.000	180.000	1.022991	1.023808
 10.000	  0.000	 45.000	180.000	1.033839	1.035339
 10.000	  0.000	 40.000	180.000	1.043413	1.044932
 10.000	  0.000	 35.000	180.000	1.049562	1.052071
 10.000	  0.000	 30.000	180.000	1.056744	1.060735
 10.000	  0.000	 25.000	180.000	1.062210	1.067208
 10.000	  0.000	 20.000	180.000	1.065971	1.070283
 10.000	  0.000	 15.000	180.000	1.069571	1.071803
 10.000	  0.000	 10.000	180.000	1.074363	1.076737
 10.000	  0.000	  5.000	180.000	1.077304	1.081465
 10.000	  0.000	  2.000	180.000	1.078893	1.080938
 10.000	  0.000	 22.000	  0.000	1.061015	1.064728
 10.000	  0.000	 25.000	  0.000	1.053219	1.056151
 10.000	  0.000	 30.000	  0.000	1.046161	1.047741
 10.000	  0.000	 35.000	  0.000	1.034672	1.034168
 10.000	  0.000	 40.000	  0.000	1.022086	1.023366
 10.000	  0.000	 45.000	  0.000	1.008528	1.008281
 10.000	  0.000	 50.000	  0.000	0.993094	0.993300
 10.000	  0.000	 55.000	  0.000	0.975943	0.975380
 10.000	  0.000	 60.000	  0.000	0.955104	0.954224
 10.000	  0.000	 65.000	  0.000	0.928511	0.929851
 10.000	  0.000	 70.000	  0.000	0.899337	0.898263
 10.000	  0.000	 75.000	  0.000	0.857409	0.859634
 30.000	  0.000	 75.000	180.000	0.995527	1.002324
 30.000	  0.000	 70.000	180.000	1.021504	1.028010
 30.000	  0.000	 65.000	180.000	1.038956	1.045737
 30.000	  0.000	 60.000	180.000	1.050583	1.056199
 30.000	  0.000	 55.000	180.000	1.056118	1.060742
 30.000	  0.000	 50.000	180.000	1.059003	1.065355
 30.000	  0.000	 45.000	180.000	1.062800	1.067959
 30.000	  0.000	 40.000	180.000	1.065922	1.069153
 30.000	  0.000	 35.000	180.000	1.064079	1.069865
 30.000	  0.000	 30.000	180.000	1.063983	1.067486
 30.000	  0.000	 25.000	180.000	1.062103	1.066714
 30.000	  0.000	 20.000	180.000	1.061784	1.064905
 30.000	  0.000	 15.000	180.000	1.061604	1.061018
 30.000	  0.000	 10.000	180.000	1.056755	1.059820
 30.000	  0.000	  5.000	180.000	1.055846	1.058999
 30.000	  0.000	  0.000	  0.000	1.053478	1.054151
 30.000	  0.000	  5.000	  0.000	1.051769	1.051518
 30.000	  0.000	 10.000	  0.000	1.047997	1.049734
 30.000	  0.000	 15.000	  0.000	1.046868	1.045301
 30.000	  0.000	 18.000	  0.000	1.042841	1.044670
 30.000	  0.000	 42.000	  0.000	0.999582	0.999422
 30.000	  0.000	 45.000	  0.000	0.990219	0.989395
 30.000	  0.000	 50.000	  0.000	0.972150	0.969683
 30.000	  0.000	 55.000	  0.000	0.952707	0.951703
 30.000	  0.000	 60.000	  0.000	0.932402	0.931177
 30.000	  0.000	 65.000	  0.000	0.906642	0.904098
 30.000	  0.000	 70.000	  0.000	0.875901	0.874455
 30.000	  0.000	 75.000	  0.000	0.836215	0.835345
 50.000	  0.000	 75.000	180.000	1.201746	1.219361
 50.000	  0.000	 70.000	180.000	1.191736	1.207890
 50.000	  0.000	 65.000	180.000	1.172509	1.189379
 50.000	  0.000	 60.000	180.000	1.154634	1.169546
 50.000	  0.000	 55.000	180.000	1.136640	1.149023
 50.000	  0.000	 50.000	180.000	1.116924	1.131114
 50.000	  0.000	 45.000	180.000	1.103151	1.113573
 50.000	  0.000	 40.000	180.000	1.088326	1.097364
 50.000	  0.000	 35.000	180.000	1.074967	1.083296
 50.000	  0.000	 30.000	180.000	1.063721	1.067883
 50.000	  0.000	 25.000	180.000	1.052583	1.057753
 50.000	  0.000	 20.000	180.000	1.039627	1.045065
 50.000	  0.000	 15.000	180.000	1.032152	1.035544
 50.000	  0.000	 10.000	180.000	1.022200	1.027076
 50.000	  0.000	  5.000	180.000	1.018611	1.018570
 50.000	  0.000	  0.000	  0.000	1.010381	1.010133
 50.000	  0.000	  5.000	  0.000	1.004878	1.003665
 50.000	  0.000	 10.000	  0.000	0.998098	0.998425
 50.000	  0.000	 15.000	  0.000	0.993205	0.990434
 50.000	  0.000	 20.000	  0.000	0.987756	0.984807
 50.000	  0.000	 25.000	  0.000	0.982047	0.979219
 50.000	  0.000	 30.000	  0.000	0.978780	0.975065
 50.000	  0.000	 35.000	  0.000	0.973861	0.970835
 50.000	  0.000	 38.000	  0.000	0.971347	0.968929
 50.000	  0.000	 62.000	  0.000	0.912860	0.906553
 50.000	  0.000	 65.000	  0.000	0.897543	0.891736
 50.000	  0.000	 70.000	  0.000	0.869847	0.863083
 50.000	  0.000	 75.000	  0.000	0.836430	0.826679
 70.000	  0.000	 75.000	180.000	1.960626	2.010854
 70.000	  0.000	 70.000	180.000	1.691463	1.733799
 70.000	  0.000	 65.000	180.000	1.515515	1.555742
 70.000	  0.000	 60.000	180.000	1.381496	1.414334
 70.000	  0.000	 55.000	180.000	1.280988	1.303987
 70.000	  0.000	 50.000	180.000	1.207247	1.222369
 70.000	  0.000	 45.000	180.000	1.146976	1.158476
 70.000	  0.000	 40.000	180.000	1.097544	1.110684
 70.000	  0.000	 35.000	180.000	1.062844	1.074170
 70.000	  0.000	 30.000	180.000	1.031859	1.038550
 70.000	  0.000	 25.000	180.000	1.006114	1.012308
 70.000	  0.000	 20.000	180.000	0.986315	0.990163
 70.000	  0.000	 15.000	180.000	0.966649	0.968839
 70.000	  0.000	 10.000	180.000	0.951161	0.954660
 70.000	  0.000	  5.000	180.000	0.939187	0.942015
 70.000	  0.000	  0.000	  0.000	0.927778	0.930966
 70.000	  0.000	  5.000	  0.000	0.918267	0.919482
 70.000	  0.000	 10.000	  0.000	0.911802	0.910637
 70.000	  0.000	 15.000	  0.000	0.903755	0.905593
 70.000	  0.000	 20.000	  0.000	0.898744	0.897825
 70.000	  0.000	 25.000	  0.000	0.893291	0.893824
 70.000	  0.000	 30.000	  0.000	0.889498	0.888176
 70.000	  0.000	 35.000	  0.000	0.887060	0.887706
 70.000	  0.000	 40.000	  0.000	0.885702	0.882219
 70.000	  0.000	 45.000	  0.000	0.885445	0.883756
 70.000	  0.000	 50.000	  0.000	0.885178	0.882497
 70.000	  0.000	 55.000	  0.000	0.883759	0.882575
 70.000	  0.000	 58.000	  0.000	0.887825	0.875140
  0.000	  0.000	 45.000	  0.000	1.020990	1.020230
