BRF Values
Z307 on Al (12x12)
Measurements taken on Thu Sep 18:04:32 by Jacob
BRF values calculated with F:\data\sorted\data_processing_programs\blacklab_rf_calculator_MATLAB\Black_Lab_BRF_v6.m using 0/45 configuration
NIST BRF values linearly interpolated from F:\data\sorted\data_processing_programs\blacklab_rf_calculator_MATLAB\NIST RF files\RSG_working_NIST_standard\NIST_291181-Revised_24477-1-1_0-45_Extended.txt
src_z	src_a	view_z	view_a	630.79nm	852.23nm
  0.000	  0.000	 45.000	  0.000	0.027156	0.028659
 10.000	  0.000	 75.000	180.000	0.033376	0.034890
 10.000	  0.000	 70.000	180.000	0.032262	0.034117
 10.000	  0.000	 65.000	180.000	0.031072	0.033168
 10.000	  0.000	 60.000	180.000	0.030036	0.032256
 10.000	  0.000	 55.000	180.000	0.029164	0.031423
 10.000	  0.000	 50.000	180.000	0.028618	0.030772
 10.000	  0.000	 45.000	180.000	0.028147	0.030391
 10.000	  0.000	 40.000	180.000	0.027833	0.030096
 10.000	  0.000	 35.000	180.000	0.027591	0.029968
 10.000	  0.000	 30.000	180.000	0.027645	0.029867
 10.000	  0.000	 25.000	180.000	0.027775	0.029994
 10.000	  0.000	 20.000	180.000	0.027802	0.029726
 10.000	  0.000	 15.000	180.000	0.027906	0.029830
 10.000	  0.000	 10.000	180.000	0.028256	0.030268
 10.000	  0.000	  5.000	180.000	0.028585	0.030491
 10.000	  0.000	  2.000	180.000	0.028989	0.030744
 10.000	  0.000	 22.000	  0.000	0.028741	0.029939
 10.000	  0.000	 25.000	  0.000	0.028521	0.029751
 10.000	  0.000	 30.000	  0.000	0.027877	0.029153
 10.000	  0.000	 35.000	  0.000	0.027478	0.028618
 10.000	  0.000	 40.000	  0.000	0.027320	0.028277
 10.000	  0.000	 45.000	  0.000	0.027058	0.028030
 10.000	  0.000	 50.000	  0.000	0.026912	0.027866
 10.000	  0.000	 55.000	  0.000	0.026841	0.027702
 10.000	  0.000	 60.000	  0.000	0.026848	0.027562
 10.000	  0.000	 65.000	  0.000	0.026877	0.027515
 10.000	  0.000	 70.000	  0.000	0.026883	0.027219
 10.000	  0.000	 75.000	  0.000	0.026756	0.026818
 30.000	  0.000	 75.000	180.000	0.058804	0.065798
 30.000	  0.000	 70.000	180.000	0.052063	0.059303
 30.000	  0.000	 65.000	180.000	0.046451	0.053267
 30.000	  0.000	 60.000	180.000	0.041783	0.048138
 30.000	  0.000	 55.000	180.000	0.038331	0.043868
 30.000	  0.000	 50.000	180.000	0.035637	0.040720
 30.000	  0.000	 45.000	180.000	0.033526	0.038110
 30.000	  0.000	 40.000	180.000	0.031826	0.035955
 30.000	  0.000	 35.000	180.000	0.030486	0.034161
 30.000	  0.000	 30.000	180.000	0.029499	0.032888
 30.000	  0.000	 25.000	180.000	0.028883	0.031964
 30.000	  0.000	 20.000	180.000	0.028251	0.031037
 30.000	  0.000	 15.000	180.000	0.027959	0.030541
 30.000	  0.000	 10.000	180.000	0.027726	0.029993
 30.000	  0.000	  5.000	180.000	0.027511	0.029608
 30.000	  0.000	  0.000	  0.000	0.027561	0.029191
 30.000	  0.000	  5.000	  0.000	0.027733	0.029134
 30.000	  0.000	 10.000	  0.000	0.027901	0.029233
 30.000	  0.000	 15.000	  0.000	0.028458	0.029351
 30.000	  0.000	 18.000	  0.000	0.028912	0.029600
 30.000	  0.000	 42.000	  0.000	0.029347	0.029336
 30.000	  0.000	 45.000	  0.000	0.029050	0.028952
 30.000	  0.000	 50.000	  0.000	0.028522	0.028415
 30.000	  0.000	 55.000	  0.000	0.028113	0.027951
 30.000	  0.000	 60.000	  0.000	0.027723	0.027399
 30.000	  0.000	 65.000	  0.000	0.027336	0.026916
 30.000	  0.000	 70.000	  0.000	0.026910	0.026288
 30.000	  0.000	 75.000	  0.000	0.026226	0.025408
 50.000	  0.000	 75.000	180.000	0.184050	0.230662
 50.000	  0.000	 70.000	180.000	0.140869	0.180269
 50.000	  0.000	 65.000	180.000	0.108667	0.138863
 50.000	  0.000	 60.000	180.000	0.085862	0.109444
 50.000	  0.000	 55.000	180.000	0.069413	0.086773
 50.000	  0.000	 50.000	180.000	0.058215	0.070845
 50.000	  0.000	 45.000	180.000	0.049872	0.059699
 50.000	  0.000	 40.000	180.000	0.043782	0.051488
 50.000	  0.000	 35.000	180.000	0.039219	0.045319
 50.000	  0.000	 30.000	180.000	0.035721	0.040748
 50.000	  0.000	 25.000	180.000	0.032948	0.037107
 50.000	  0.000	 20.000	180.000	0.031128	0.034620
 50.000	  0.000	 15.000	180.000	0.029830	0.032431
 50.000	  0.000	 10.000	180.000	0.028742	0.030940
 50.000	  0.000	  5.000	180.000	0.027893	0.029695
 50.000	  0.000	  0.000	  0.000	0.027409	0.028735
 50.000	  0.000	  5.000	  0.000	0.027134	0.028258
 50.000	  0.000	 10.000	  0.000	0.026984	0.027841
 50.000	  0.000	 15.000	  0.000	0.027120	0.027698
 50.000	  0.000	 20.000	  0.000	0.027420	0.027578
 50.000	  0.000	 25.000	  0.000	0.027839	0.027906
 50.000	  0.000	 30.000	  0.000	0.028646	0.028425
 50.000	  0.000	 35.000	  0.000	0.029797	0.029253
 50.000	  0.000	 38.000	  0.000	0.030597	0.029935
 50.000	  0.000	 62.000	  0.000	0.033562	0.031981
 50.000	  0.000	 65.000	  0.000	0.033134	0.031505
 50.000	  0.000	 70.000	  0.000	0.032287	0.030516
 50.000	  0.000	 75.000	  0.000	0.031149	0.029311
 70.000	  0.000	 75.000	180.000	1.521307	2.534926
 70.000	  0.000	 70.000	180.000	0.842353	1.373101
 70.000	  0.000	 65.000	180.000	0.494248	0.753087
 70.000	  0.000	 60.000	180.000	0.309349	0.437515
 70.000	  0.000	 55.000	180.000	0.204508	0.273382
 70.000	  0.000	 50.000	180.000	0.142039	0.182454
 70.000	  0.000	 45.000	180.000	0.104384	0.128858
 70.000	  0.000	 40.000	180.000	0.079847	0.095020
 70.000	  0.000	 35.000	180.000	0.063783	0.073940
 70.000	  0.000	 30.000	180.000	0.052699	0.059590
 70.000	  0.000	 25.000	180.000	0.044836	0.050020
 70.000	  0.000	 20.000	180.000	0.039441	0.043121
 70.000	  0.000	 15.000	180.000	0.035472	0.038084
 70.000	  0.000	 10.000	180.000	0.032607	0.034642
 70.000	  0.000	  5.000	180.000	0.030439	0.031698
 70.000	  0.000	  0.000	  0.000	0.028966	0.030015
 70.000	  0.000	  5.000	  0.000	0.027884	0.028568
 70.000	  0.000	 10.000	  0.000	0.027242	0.027532
 70.000	  0.000	 15.000	  0.000	0.026866	0.026912
 70.000	  0.000	 20.000	  0.000	0.026721	0.026527
 70.000	  0.000	 25.000	  0.000	0.026864	0.026562
 70.000	  0.000	 30.000	  0.000	0.027290	0.026795
 70.000	  0.000	 35.000	  0.000	0.028071	0.027314
 70.000	  0.000	 40.000	  0.000	0.029135	0.028351
 70.000	  0.000	 45.000	  0.000	0.030694	0.029904
 70.000	  0.000	 50.000	  0.000	0.033031	0.032193
 70.000	  0.000	 55.000	  0.000	0.036034	0.035699
 70.000	  0.000	 58.000	  0.000	0.037735	0.035247
  0.000	  0.000	 45.000	  0.000	0.027132	0.028633
