Jacob K	Thu Sep 10 18:04:32 2026
Z307 on Al (12x12)
 630.79 nanometers
114
  45.000	   0.000	   0.000	   0.000	0.244160	0.000890	 0.365
  85.000	  10.000	   0.000	 180.000	0.295531	0.000386	 0.131
  80.000	  10.000	   0.000	 180.000	0.285667	0.000421	 0.147
  75.000	  10.000	   0.000	 180.000	0.275130	0.000811	 0.295
  70.000	  10.000	   0.000	 180.000	0.265960	0.001182	 0.444
  65.000	  10.000	   0.000	 180.000	0.258238	0.000544	 0.211
  60.000	  10.000	   0.000	 180.000	0.253399	0.000539	 0.213
  55.000	  10.000	   0.000	 180.000	0.249233	0.000713	 0.286
  50.000	  10.000	   0.000	 180.000	0.246447	0.000818	 0.332
  45.000	  10.000	   0.000	 180.000	0.244307	0.000805	 0.330
  40.000	  10.000	   0.000	 180.000	0.244786	0.000519	 0.212
  35.000	  10.000	   0.000	 180.000	0.245934	0.000796	 0.324
  30.000	  10.000	   0.000	 180.000	0.246177	0.000783	 0.318
  25.000	  10.000	   0.000	 180.000	0.247098	0.001405	 0.569
  20.000	  10.000	   0.000	 180.000	0.250192	0.000779	 0.311
  15.000	  10.000	   0.000	 180.000	0.253107	0.001183	 0.467
  12.000	  10.000	   0.000	 180.000	0.256681	0.000607	 0.236
  12.000	 -10.000	   0.000	   0.000	0.254491	0.000637	 0.250
  15.000	 -10.000	   0.000	   0.000	0.252544	0.001024	 0.405
  20.000	 -10.000	   0.000	   0.000	0.246837	0.001494	 0.605
  25.000	 -10.000	   0.000	   0.000	0.243304	0.000802	 0.329
  30.000	 -10.000	   0.000	   0.000	0.241904	0.000366	 0.151
  35.000	 -10.000	   0.000	   0.000	0.239586	0.000797	 0.333
  40.000	 -10.000	   0.000	   0.000	0.238293	0.000831	 0.349
  45.000	 -10.000	   0.000	   0.000	0.237666	0.000769	 0.324
  50.000	 -10.000	   0.000	   0.000	0.237725	0.000927	 0.390
  55.000	 -10.000	   0.000	   0.000	0.237981	0.000670	 0.282
  60.000	 -10.000	   0.000	   0.000	0.238035	0.000457	 0.192
  65.000	 -10.000	   0.000	   0.000	0.236912	0.000688	 0.290
 105.000	  30.000	   0.000	 180.000	0.457882	0.000851	 0.186
 100.000	  30.000	   0.000	 180.000	0.405390	0.001225	 0.302
  95.000	  30.000	   0.000	 180.000	0.361697	0.000927	 0.256
  90.000	  30.000	   0.000	 180.000	0.325350	0.001036	 0.319
  85.000	  30.000	   0.000	 180.000	0.298467	0.000992	 0.332
  80.000	  30.000	   0.000	 180.000	0.277489	0.000636	 0.229
  75.000	  30.000	   0.000	 180.000	0.261055	0.000631	 0.242
  70.000	  30.000	   0.000	 180.000	0.247813	0.001103	 0.445
  65.000	  30.000	   0.000	 180.000	0.237385	0.000802	 0.338
  60.000	  30.000	   0.000	 180.000	0.229698	0.000888	 0.386
  55.000	  30.000	   0.000	 180.000	0.224897	0.000755	 0.336
  50.000	  30.000	   0.000	 180.000	0.219982	0.000745	 0.338
  45.000	  30.000	   0.000	 180.000	0.217708	0.000955	 0.439
  40.000	  30.000	   0.000	 180.000	0.215893	0.000630	 0.292
  35.000	  30.000	   0.000	 180.000	0.214214	0.000717	 0.335
  30.000	  30.000	   0.000	 180.000	0.214603	0.000639	 0.298
  25.000	  30.000	   0.000	 180.000	0.215946	0.000615	 0.285
  20.000	  30.000	   0.000	 180.000	0.217255	0.000988	 0.455
  15.000	  30.000	   0.000	 180.000	0.221587	0.000721	 0.325
  12.000	  30.000	   0.000	 180.000	0.225127	0.001137	 0.505
  12.000	 -30.000	   0.000	   0.000	0.228515	0.000559	 0.245
  15.000	 -30.000	   0.000	   0.000	0.226198	0.000558	 0.246
  20.000	 -30.000	   0.000	   0.000	0.222087	0.000861	 0.388
  25.000	 -30.000	   0.000	   0.000	0.218902	0.000915	 0.418
  30.000	 -30.000	   0.000	   0.000	0.215868	0.000561	 0.260
  35.000	 -30.000	   0.000	   0.000	0.212854	0.000620	 0.291
  40.000	 -30.000	   0.000	   0.000	0.209540	0.000545	 0.260
  45.000	 -30.000	   0.000	   0.000	0.204213	0.000647	 0.317
 125.000	  50.000	   0.000	 180.000	1.063698	0.002870	 0.270
 120.000	  50.000	   0.000	 180.000	0.814140	0.001259	 0.155
 115.000	  50.000	   0.000	 180.000	0.628031	0.002156	 0.343
 110.000	  50.000	   0.000	 180.000	0.496231	0.000595	 0.120
 105.000	  50.000	   0.000	 180.000	0.401164	0.001395	 0.348
 100.000	  50.000	   0.000	 180.000	0.336446	0.000933	 0.277
  95.000	  50.000	   0.000	 180.000	0.288229	0.001060	 0.368
  90.000	  50.000	   0.000	 180.000	0.253032	0.000625	 0.247
  85.000	  50.000	   0.000	 180.000	0.226663	0.000749	 0.330
  80.000	  50.000	   0.000	 180.000	0.206448	0.000611	 0.296
  75.000	  50.000	   0.000	 180.000	0.190418	0.000405	 0.213
  70.000	  50.000	   0.000	 180.000	0.179903	0.000780	 0.434
  65.000	  50.000	   0.000	 180.000	0.172400	0.000548	 0.318
  60.000	  50.000	   0.000	 180.000	0.166112	0.000673	 0.405
  55.000	  50.000	   0.000	 180.000	0.161203	0.000586	 0.364
  50.000	  50.000	   0.000	 180.000	0.158405	0.000807	 0.509
  45.000	  50.000	   0.000	 180.000	0.156820	0.000628	 0.400
  40.000	  50.000	   0.000	 180.000	0.155950	0.000548	 0.351
  35.000	  50.000	   0.000	 180.000	0.156738	0.000915	 0.584
  30.000	  50.000	   0.000	 180.000	0.158470	0.000428	 0.270
  25.000	  50.000	   0.000	 180.000	0.160894	0.000577	 0.359
  20.000	  50.000	   0.000	 180.000	0.165556	0.000707	 0.427
  15.000	  50.000	   0.000	 180.000	0.172208	0.000363	 0.211
  12.000	  50.000	   0.000	 180.000	0.176833	0.000997	 0.564
  12.000	 -50.000	   0.000	   0.000	0.193971	0.000715	 0.369
  15.000	 -50.000	   0.000	   0.000	0.191494	0.000568	 0.297
  20.000	 -50.000	   0.000	   0.000	0.186599	0.000748	 0.401
  25.000	 -50.000	   0.000	   0.000	0.180025	0.000610	 0.339
 145.000	  70.000	   0.000	 180.000	4.678260	0.017186	 0.367
 140.000	  70.000	   0.000	 180.000	2.590369	0.009046	 0.349
 135.000	  70.000	   0.000	 180.000	1.519891	0.007831	 0.515
 130.000	  70.000	   0.000	 180.000	0.951298	0.001507	 0.158
 125.000	  70.000	   0.000	 180.000	0.628895	0.002238	 0.356
 120.000	  70.000	   0.000	 180.000	0.436793	0.001425	 0.326
 115.000	  70.000	   0.000	 180.000	0.320997	0.000835	 0.260
 110.000	  70.000	   0.000	 180.000	0.245542	0.000813	 0.331
 105.000	  70.000	   0.000	 180.000	0.196142	0.000818	 0.417
 100.000	  70.000	   0.000	 180.000	0.162059	0.000673	 0.415
  95.000	  70.000	   0.000	 180.000	0.137877	0.000321	 0.233
  90.000	  70.000	   0.000	 180.000	0.121288	0.000488	 0.403
  85.000	  70.000	   0.000	 180.000	0.109082	0.000389	 0.357
  80.000	  70.000	   0.000	 180.000	0.100272	0.000481	 0.480
  75.000	  70.000	   0.000	 180.000	0.093606	0.000566	 0.605
  70.000	  70.000	   0.000	 180.000	0.089076	0.000420	 0.472
  65.000	  70.000	   0.000	 180.000	0.085748	0.000427	 0.498
  60.000	  70.000	   0.000	 180.000	0.083774	0.000357	 0.426
  55.000	  70.000	   0.000	 180.000	0.082618	0.000410	 0.496
  50.000	  70.000	   0.000	 180.000	0.082171	0.000332	 0.404
  45.000	  70.000	   0.000	 180.000	0.082612	0.000332	 0.402
  40.000	  70.000	   0.000	 180.000	0.083921	0.000308	 0.368
  35.000	  70.000	   0.000	 180.000	0.086322	0.000376	 0.435
  30.000	  70.000	   0.000	 180.000	0.089594	0.000433	 0.483
  25.000	  70.000	   0.000	 180.000	0.094388	0.000403	 0.426
  20.000	  70.000	   0.000	 180.000	0.101575	0.000382	 0.376
  15.000	  70.000	   0.000	 180.000	0.110811	0.000557	 0.503
  12.000	  70.000	   0.000	 180.000	0.116040	0.000368	 0.318
  45.000	   0.000	   0.000	   0.000	0.243946	0.000744	 0.305
1.0000	 630.79	8.000	10
-0.000453 +- 0.000098 = dark 1
-0.000821 +- 0.000119 = dark 2
-0.000368 = dark 2 - dark 1
4 = filter number
