Jacob K	Thu Sep 10 18:29:12 2026
Z307 on Al (12x12)
 852.23 nanometers
114
  45.000	   0.000	   0.000	   0.000	0.043771	0.000113	 0.259
  85.000	  10.000	   0.000	 180.000	0.052478	0.000180	 0.344
  80.000	  10.000	   0.000	 180.000	0.051316	0.000136	 0.264
  75.000	  10.000	   0.000	 180.000	0.049889	0.000136	 0.273
  70.000	  10.000	   0.000	 180.000	0.048516	0.000180	 0.371
  65.000	  10.000	   0.000	 180.000	0.047264	0.000143	 0.303
  60.000	  10.000	   0.000	 180.000	0.046285	0.000166	 0.358
  55.000	  10.000	   0.000	 180.000	0.045711	0.000115	 0.252
  50.000	  10.000	   0.000	 180.000	0.045268	0.000148	 0.328
  45.000	  10.000	   0.000	 180.000	0.045075	0.000229	 0.509
  40.000	  10.000	   0.000	 180.000	0.044923	0.000207	 0.461
  35.000	  10.000	   0.000	 180.000	0.045114	0.000113	 0.249
  30.000	  10.000	   0.000	 180.000	0.044711	0.000175	 0.391
  25.000	  10.000	   0.000	 180.000	0.044867	0.000158	 0.352
  20.000	  10.000	   0.000	 180.000	0.045526	0.000125	 0.274
  15.000	  10.000	   0.000	 180.000	0.045862	0.000186	 0.406
  12.000	  10.000	   0.000	 180.000	0.046242	0.000180	 0.388
  12.000	 -10.000	   0.000	   0.000	0.045032	0.000126	 0.279
  15.000	 -10.000	   0.000	   0.000	0.044749	0.000129	 0.289
  20.000	 -10.000	   0.000	   0.000	0.043849	0.000142	 0.324
  25.000	 -10.000	   0.000	   0.000	0.043044	0.000227	 0.527
  30.000	 -10.000	   0.000	   0.000	0.042532	0.000080	 0.187
  35.000	 -10.000	   0.000	   0.000	0.042161	0.000133	 0.315
  40.000	 -10.000	   0.000	   0.000	0.041913	0.000138	 0.330
  45.000	 -10.000	   0.000	   0.000	0.041667	0.000150	 0.360
  50.000	 -10.000	   0.000	   0.000	0.041456	0.000152	 0.368
  55.000	 -10.000	   0.000	   0.000	0.041386	0.000077	 0.186
  60.000	 -10.000	   0.000	   0.000	0.040941	0.000151	 0.369
  65.000	 -10.000	   0.000	   0.000	0.040337	0.000089	 0.222
 105.000	  30.000	   0.000	 180.000	0.087031	0.000230	 0.264
 100.000	  30.000	   0.000	 180.000	0.078440	0.000292	 0.372
  95.000	  30.000	   0.000	 180.000	0.070456	0.000207	 0.293
  90.000	  30.000	   0.000	 180.000	0.063672	0.000173	 0.272
  85.000	  30.000	   0.000	 180.000	0.058024	0.000225	 0.388
  80.000	  30.000	   0.000	 180.000	0.053860	0.000200	 0.370
  75.000	  30.000	   0.000	 180.000	0.050408	0.000121	 0.241
  70.000	  30.000	   0.000	 180.000	0.047557	0.000136	 0.287
  65.000	  30.000	   0.000	 180.000	0.045185	0.000196	 0.433
  60.000	  30.000	   0.000	 180.000	0.043501	0.000123	 0.282
  55.000	  30.000	   0.000	 180.000	0.042279	0.000173	 0.410
  50.000	  30.000	   0.000	 180.000	0.041052	0.000094	 0.229
  45.000	  30.000	   0.000	 180.000	0.040397	0.000126	 0.312
  40.000	  30.000	   0.000	 180.000	0.039671	0.000213	 0.537
  35.000	  30.000	   0.000	 180.000	0.039162	0.000205	 0.523
  30.000	  30.000	   0.000	 180.000	0.038611	0.000115	 0.299
  25.000	  30.000	   0.000	 180.000	0.038536	0.000130	 0.338
  20.000	  30.000	   0.000	 180.000	0.038666	0.000099	 0.257
  15.000	  30.000	   0.000	 180.000	0.038822	0.000126	 0.324
  12.000	  30.000	   0.000	 180.000	0.039152	0.000200	 0.512
  12.000	 -30.000	   0.000	   0.000	0.038803	0.000131	 0.337
  15.000	 -30.000	   0.000	   0.000	0.038294	0.000119	 0.310
  20.000	 -30.000	   0.000	   0.000	0.037584	0.000101	 0.268
  25.000	 -30.000	   0.000	   0.000	0.036970	0.000158	 0.428
  30.000	 -30.000	   0.000	   0.000	0.036241	0.000130	 0.358
  35.000	 -30.000	   0.000	   0.000	0.035602	0.000147	 0.412
  40.000	 -30.000	   0.000	   0.000	0.034771	0.000123	 0.355
  45.000	 -30.000	   0.000	   0.000	0.033607	0.000112	 0.332
 125.000	  50.000	   0.000	 180.000	0.226450	0.000375	 0.166
 120.000	  50.000	   0.000	 180.000	0.176977	0.000335	 0.189
 115.000	  50.000	   0.000	 180.000	0.136327	0.000533	 0.391
 110.000	  50.000	   0.000	 180.000	0.107445	0.000231	 0.215
 105.000	  50.000	   0.000	 180.000	0.085188	0.000227	 0.267
 100.000	  50.000	   0.000	 180.000	0.069551	0.000290	 0.418
  95.000	  50.000	   0.000	 180.000	0.058609	0.000209	 0.357
  90.000	  50.000	   0.000	 180.000	0.050548	0.000151	 0.299
  85.000	  50.000	   0.000	 180.000	0.044491	0.000192	 0.431
  80.000	  50.000	   0.000	 180.000	0.040004	0.000162	 0.404
  75.000	  50.000	   0.000	 180.000	0.036429	0.000159	 0.435
  70.000	  50.000	   0.000	 180.000	0.033988	0.000160	 0.472
  65.000	  50.000	   0.000	 180.000	0.031839	0.000134	 0.421
  60.000	  50.000	   0.000	 180.000	0.030375	0.000108	 0.355
  55.000	  50.000	   0.000	 180.000	0.029153	0.000143	 0.492
  50.000	  50.000	   0.000	 180.000	0.028210	0.000136	 0.481
  45.000	  50.000	   0.000	 180.000	0.027742	0.000120	 0.432
  40.000	  50.000	   0.000	 180.000	0.027333	0.000125	 0.459
  35.000	  50.000	   0.000	 180.000	0.027192	0.000108	 0.398
  30.000	  50.000	   0.000	 180.000	0.027074	0.000131	 0.484
  25.000	  50.000	   0.000	 180.000	0.027396	0.000138	 0.506
  20.000	  50.000	   0.000	 180.000	0.027906	0.000128	 0.459
  15.000	  50.000	   0.000	 180.000	0.028719	0.000089	 0.309
  12.000	  50.000	   0.000	 180.000	0.029388	0.000139	 0.472
  12.000	 -50.000	   0.000	   0.000	0.031397	0.000124	 0.395
  15.000	 -50.000	   0.000	   0.000	0.030930	0.000122	 0.393
  20.000	 -50.000	   0.000	   0.000	0.029959	0.000147	 0.490
  25.000	 -50.000	   0.000	   0.000	0.028776	0.000126	 0.437
 145.000	  70.000	   0.000	 180.000	1.324176	0.003578	 0.270
 140.000	  70.000	   0.000	 180.000	0.717270	0.001784	 0.249
 135.000	  70.000	   0.000	 180.000	0.393392	0.001125	 0.286
 130.000	  70.000	   0.000	 180.000	0.228546	0.000632	 0.276
 125.000	  70.000	   0.000	 180.000	0.142807	0.000258	 0.181
 120.000	  70.000	   0.000	 180.000	0.095309	0.000300	 0.315
 115.000	  70.000	   0.000	 180.000	0.067312	0.000111	 0.165
 110.000	  70.000	   0.000	 180.000	0.049636	0.000193	 0.389
 105.000	  70.000	   0.000	 180.000	0.038624	0.000159	 0.411
 100.000	  70.000	   0.000	 180.000	0.031128	0.000130	 0.418
  95.000	  70.000	   0.000	 180.000	0.026129	0.000133	 0.510
  90.000	  70.000	   0.000	 180.000	0.022525	0.000110	 0.486
  85.000	  70.000	   0.000	 180.000	0.019894	0.000061	 0.307
  80.000	  70.000	   0.000	 180.000	0.018096	0.000113	 0.622
  75.000	  70.000	   0.000	 180.000	0.016558	0.000068	 0.408
  70.000	  70.000	   0.000	 180.000	0.015679	0.000064	 0.406
  65.000	  70.000	   0.000	 180.000	0.014923	0.000107	 0.718
  60.000	  70.000	   0.000	 180.000	0.014382	0.000083	 0.575
  55.000	  70.000	   0.000	 180.000	0.014058	0.000059	 0.420
  50.000	  70.000	   0.000	 180.000	0.013857	0.000080	 0.579
  45.000	  70.000	   0.000	 180.000	0.013875	0.000082	 0.591
  40.000	  70.000	   0.000	 180.000	0.013997	0.000092	 0.655
  35.000	  70.000	   0.000	 180.000	0.014268	0.000079	 0.555
  30.000	  70.000	   0.000	 180.000	0.014810	0.000073	 0.495
  25.000	  70.000	   0.000	 180.000	0.015621	0.000083	 0.533
  20.000	  70.000	   0.000	 180.000	0.016817	0.000088	 0.526
  15.000	  70.000	   0.000	 180.000	0.018648	0.000070	 0.377
  12.000	  70.000	   0.000	 180.000	0.018412	0.000090	 0.491
  45.000	   0.000	   0.000	   0.000	0.043731	0.000138	 0.316
1.0000	 852.23	8.000	9
 0.000095 +- 0.000022 = dark 1
-0.000235 +- 0.000032 = dark 2
-0.000330 = dark 2 - dark 1
9 = filter number
