type bsdf_data
format angles=deg bsdf=value scale=1
0	0
0	0	18.676343
5	40	18.057336
5	50	15.964410
5	60	18.249020
5	70	16.395666
5	80	18.360766
5	90	17.593912
5	100	18.872031
5	110	19.830592
5	120	17.625921
5	130	18.856111
5	140	16.044284
10	40	15.163066
10	50	17.441737
10	60	40.778616
10	70	48.552081
10	80	46.709685
10	90	40.277536
10	100	41.990644
10	110	37.837254
10	120	16.601299
10	130	31.114272
10	140	20.657843
15	0	8.934452
15	10	8.079307
15	20	7.171436
15	30	8.802546
15	40	18.243943
15	50	17.667209
15	60	43.898848
15	70	43.915325
15	80	39.730143
15	90	46.271435
15	100	39.977305
15	110	44.541448
15	120	17.387035
15	130	43.404540
15	140	42.317070
15	150	19.743385
15	160	10.354705
15	170	12.424175
15	180	11.631618
20	0	14.717087
20	10	17.354190
20	20	4.004361
20	30	4.649573
20	40	15.043741
20	50	15.179355
20	60	39.602734
20	70	36.113738
20	80	37.756517
20	90	41.550445
20	100	41.939977
20	110	41.516597
20	120	15.111565
20	130	40.331004
20	140	34.064320
20	150	18.702301
20	160	24.122164
20	170	23.021163
20	180	25.341571
25	0	83.418644
25	10	67.086893
25	20	34.633683
25	30	4.376381
25	40	3.965423
25	50	4.272684
25	60	20.576434
25	70	24.741848
25	80	26.445238
25	90	40.393803
25	100	62.344826
25	110	54.091213
25	120	45.134904
25	130	20.831039
25	140	25.830574
25	150	37.182168
25	160	70.774724
25	170	71.477209
25	180	66.560201
30	0	63.958829
30	10	70.206718
30	20	12.721032
30	30	4.010026
30	40	4.245223
30	50	4.006296
30	60	21.808935
30	70	21.678454
30	80	19.239715
30	90	20.842263
30	100	17.922039
30	110	22.733220
30	120	4.568614
30	130	19.524559
30	140	19.429023
30	150	43.342289
30	160	61.202093
30	170	67.818085
30	180	69.104473
35	0	71.309882
35	10	69.366250
35	20	3.677672
35	30	3.372691
35	40	3.347384
35	50	3.104470
35	60	17.933112
35	70	19.411677
35	80	15.535506
35	90	18.673366
35	100	16.786758
35	110	16.693488
35	120	9.834892
35	130	18.696661
35	140	14.981793
35	150	32.579187
35	160	68.006797
35	170	74.418511
35	180	58.680785
40	0	60.878688
40	10	54.021772
40	20	3.647792
40	30	4.156788
40	40	3.629031
40	50	4.160964
40	60	13.930080
40	70	15.049896
40	80	16.942546
40	90	13.319249
40	100	17.223098
40	110	13.553937
40	120	15.342862
40	130	13.306784
40	140	17.347755
40	150	34.419830
40	160	57.554485
40	170	55.061341
40	180	54.230324
45	0	54.338389
45	10	55.598212
45	20	6.429665
45	30	8.558936
45	40	8.680523
45	50	7.834204
45	60	20.366742
45	70	15.333985
45	80	18.557072
45	90	17.789586
45	100	16.639432
45	110	19.668985
45	120	18.851903
45	130	16.403088
45	140	16.828420
45	150	41.013493
45	160	49.229094
45	170	51.299855
45	180	61.450899
50	0	68.440978
50	10	35.163088
50	20	12.856701
50	30	12.683381
50	40	12.854262
50	50	11.299340
50	60	20.881677
50	70	22.726355
50	80	19.393582
50	90	24.070829
50	100	19.611508
50	110	21.572447
50	120	19.913557
50	130	25.038851
50	140	21.701125
50	150	53.288098
50	160	51.356710
50	170	53.981294
50	180	46.231280
55	0	54.140029
55	10	31.164559
55	20	13.211763
55	30	14.033112
55	40	12.637342
55	50	15.192957
55	60	21.894221
55	70	25.432096
55	80	22.504756
55	90	19.456631
55	100	24.639937
55	110	25.088009
55	120	20.488225
55	130	20.254894
55	140	26.899331
55	150	59.551145
55	160	42.902233
55	170	40.987716
55	180	42.041731
60	0	48.005301
60	10	33.171917
60	20	11.154123
60	30	14.130398
60	40	13.898021
60	50	12.261989
60	60	22.775949
60	70	18.564779
60	80	22.425870
60	90	19.951282
60	100	20.625780
60	110	18.143027
60	120	22.541242
60	130	18.272579
60	140	18.680748
60	150	47.655176
60	160	37.787490
60	170	39.760979
60	180	43.230223
65	0	50.844173
65	10	24.369512
65	20	8.934673
65	30	8.270034
65	40	7.975485
65	50	7.426199
65	60	14.248704
65	70	14.934459
65	80	14.437025
65	90	17.852677
65	100	13.860550
65	110	15.140811
65	120	16.046814
65	130	18.115635
65	140	15.751844
65	150	44.253857
65	160	40.789090
65	170	38.793072
65	180	28.737938
70	0	36.812353
70	10	7.509658
70	20	3.536982
70	30	9.073240
70	40	8.207886
70	50	9.994809
70	60	16.244479
70	70	17.780134
70	80	14.290148
70	90	14.476276
70	100	15.918736
70	110	17.314703
70	120	15.592913
70	130	14.196815
70	140	30.762985
70	150	33.648124
70	160	40.442058
70	170	37.603453
70	180	13.242114
75	0	40.220528
75	10	3.746664
75	20	3.586331
75	30	12.450086
75	40	11.472364
75	50	9.227826
75	60	16.484281
75	70	14.024706
75	80	16.176968
75	90	12.450483
75	100	14.947088
75	110	13.176054
75	120	14.024596
75	130	12.062826
75	140	32.226535
75	150	48.583812
75	160	42.065356
75	170	46.800187
75	180	0.000000
80	0	57.013153
80	10	7.424131
80	20	5.749211
80	30	14.833534
80	40	12.129952
80	50	10.984409
80	60	13.541606
80	70	13.514257
80	80	14.045986
80	90	12.991973
80	100	13.000969
80	110	12.102731
80	120	12.680062
80	130	12.349925
80	140	39.516461
80	150	60.221082
80	160	58.571265
80	170	44.731408
80	180	0.000000
10	0
0	0	19.976571
5	0	14.865178
5	10	11.901624
5	20	12.264230
5	30	21.204577
5	40	17.226561
5	50	19.862561
5	60	18.999913
5	70	20.118254
5	80	18.472688
5	90	18.536553
5	100	20.996909
5	110	18.888079
5	120	22.354950
5	130	18.952048
5	140	22.083449
10	0	10.093379
10	10	12.827799
10	20	10.204833
10	30	16.342795
10	40	19.946783
10	50	18.169039
10	60	51.768140
10	70	47.420810
10	80	45.578486
10	90	47.404665
10	100	41.683665
10	110	50.960113
10	120	16.359013
10	130	41.926072
10	140	19.542838
15	0	10.443780
15	10	9.255744
15	20	6.901182
15	30	7.993578
15	40	19.430266
15	50	17.700245
15	60	46.205651
15	70	48.644196
15	80	47.902792
15	90	50.489637
15	100	48.281761
15	110	43.635241
15	120	18.557046
15	130	42.547871
15	140	41.114452
20	0	18.876861
20	10	15.650362
20	20	5.743841
20	30	6.595709
20	40	14.010665
20	50	20.836386
20	60	40.466584
20	70	49.121305
20	80	43.278070
20	90	39.636599
20	100	45.446003
20	110	41.906188
20	120	21.564656
20	130	39.721385
20	140	44.074266
25	0	76.745608
25	10	83.418486
25	20	34.668857
25	30	4.538028
25	40	5.254491
25	50	4.418553
25	60	28.008290
25	70	24.378392
25	80	22.653921
25	90	48.296261
25	100	53.740049
25	110	60.764415
25	120	39.375083
25	130	29.379780
25	140	26.689508
25	150	44.433174
25	160	68.843220
25	170	72.882223
25	180	67.438391
30	0	80.314984
30	10	74.249925
30	20	13.345954
30	30	3.896223
30	40	4.274701
30	50	3.975100
30	60	22.062675
30	70	19.969445
30	80	21.498418
30	90	23.365548
30	100	24.879938
30	110	19.579766
30	120	5.425131
30	130	20.061315
30	140	18.660921
30	150	35.511746
30	160	81.050080
30	170	84.725615
30	180	81.050089
35	0	67.424124
35	10	69.560688
35	20	4.227723
35	30	4.443300
35	40	3.638988
35	50	4.386994
35	60	16.944339
35	70	22.394170
35	80	21.426624
35	90	16.738292
35	100	19.116391
35	110	19.691555
35	120	13.975387
35	130	16.847125
35	140	18.760895
35	150	42.637758
35	160	67.229773
35	170	64.703944
35	180	68.395459
40	0	63.164267
40	10	64.202246
40	20	4.478965
40	30	4.489311
40	40	4.832202
40	50	4.082150
40	60	20.057127
40	70	15.399113
40	80	15.629688
40	90	19.246814
40	100	14.844347
40	110	17.262656
40	120	14.061043
40	130	19.022389
40	140	18.496710
40	150	40.723403
40	160	54.022614
40	170	58.593399
40	180	61.086512
45	0	65.277367
45	10	55.823415
45	20	6.958759
45	30	7.672315
45	40	7.658811
45	50	8.005388
45	60	17.652401
45	70	18.192613
45	80	17.989963
45	90	18.379440
45	100	21.805065
45	110	16.837569
45	120	19.491240
45	130	18.604406
45	140	17.346226
45	150	35.228995
45	160	64.827096
45	170	67.528079
45	180	56.499182
50	0	66.782298
50	10	39.100193
50	20	14.671902
50	30	16.769047
50	40	14.723923
50	50	15.587965
50	60	23.323185
50	70	27.866691
50	80	27.671074
50	90	21.973771
50	100	23.800981
50	110	26.923231
50	120	26.078850
50	130	21.168870
50	140	24.635236
50	150	62.201875
50	160	52.050005
50	170	51.109121
50	180	57.200059
55	0	60.355748
55	10	34.105994
55	20	17.881928
55	30	15.984019
55	40	15.972877
55	50	13.339666
55	60	21.750196
55	70	22.374522
55	80	23.001609
55	90	28.315302
55	100	21.411520
55	110	24.408548
55	120	20.740828
55	130	26.955978
55	140	29.463826
55	150	68.097501
55	160	40.599219
55	170	42.291822
55	180	45.510236
60	0	52.016244
60	10	34.063407
60	20	13.946023
60	30	11.902573
60	40	11.552336
60	50	12.968857
60	60	24.966160
60	70	20.634050
60	80	20.137397
60	90	19.874028
60	100	25.102029
60	110	19.077823
60	120	22.410751
60	130	22.453468
60	140	20.312722
60	150	48.482956
60	160	47.623281
60	170	49.660401
60	180	42.179800
65	0	51.673129
65	10	28.474775
65	20	8.985868
65	30	11.173785
65	40	10.799569
65	50	10.490846
65	60	18.303381
65	70	20.748991
65	80	20.756124
65	90	16.572488
65	100	17.181306
65	110	20.224947
65	120	19.285207
65	130	14.976876
65	140	19.575735
65	150	44.969384
65	160	44.517269
65	170	39.169655
65	180	34.311444
70	0	46.631511
70	10	8.422053
70	20	3.458799
70	30	11.861061
70	40	10.130062
70	50	10.721099
70	60	17.175385
70	70	15.919033
70	80	16.849712
70	90	18.524835
70	100	15.825745
70	110	16.104896
70	120	15.546426
70	130	15.965090
70	140	27.831265
70	150	48.864579
70	160	38.301432
70	170	42.582466
70	180	16.144762
75	0	42.434743
75	10	4.732961
75	20	4.335199
75	30	11.343681
75	40	12.579737
75	50	10.919553
75	60	16.976721
75	70	15.008876
75	80	16.423136
75	90	13.655867
75	100	13.409945
75	110	16.238427
75	120	15.131367
75	130	16.852961
75	140	38.867644
75	150	49.382947
75	160	47.107611
75	170	40.404794
75	180	1.653359
80	0	58.938448
80	10	9.136799
80	20	6.795057
80	30	20.260160
80	40	18.326345
80	50	14.119524
80	60	17.245025
80	70	18.143075
80	80	16.649248
80	90	14.641730
80	100	14.403476
80	110	16.208884
80	120	15.842022
80	130	13.568837
80	140	41.340149
80	150	59.946162
80	160	65.078548
80	170	54.263116
80	180	0.530528
20	0
0	0	16.500372
5	0	14.206819
5	10	11.922258
5	20	11.907887
5	30	19.383137
5	40	22.099170
5	50	21.875470
5	60	21.555904
5	70	17.865373
5	80	21.412149
5	90	19.478962
5	100	17.258258
5	110	20.038180
5	120	17.977271
5	130	17.913414
5	140	18.041272
5	150	19.207557
5	160	9.845396
5	170	12.305744
5	180	10.273481
10	0	9.941344
10	10	10.712217
10	20	8.672632
10	30	16.116355
10	40	16.940713
10	50	17.473962
10	60	45.982407
10	70	47.921648
10	80	40.196706
10	90	42.313783
10	100	52.252865
10	110	47.097476
10	120	18.847705
10	130	41.796631
10	140	23.437482
15	0	9.939536
15	10	10.700688
15	20	8.652589
15	30	7.815536
15	40	18.243861
15	50	15.887635
15	60	39.054564
15	70	45.216903
15	80	43.124325
15	90	43.173756
15	100	41.443694
15	110	40.685821
15	120	17.354172
15	130	41.921665
15	140	37.654173
20	0	19.672871
20	10	15.484346
20	20	5.491380
20	30	6.377172
20	40	16.246279
20	50	20.209669
20	60	44.480531
20	70	38.569548
20	80	44.988588
20	90	42.126190
20	100	37.485568
20	110	39.873640
20	120	18.075592
20	130	35.995188
20	140	38.959317
25	0	71.652993
25	10	70.423473
25	20	37.900001
25	30	4.903240
25	40	4.773281
25	50	5.236816
25	60	24.668137
25	70	26.668295
25	80	23.301845
25	90	47.418125
25	100	64.276471
25	110	58.481432
25	120	45.433499
25	130	26.025578
25	140	27.720266
30	0	63.407656
30	10	71.677057
30	20	14.650747
30	30	4.105700
30	40	4.901415
30	50	4.011882
30	60	18.444065
30	70	21.314614
30	80	19.384963
30	90	20.651080
30	100	19.528262
30	110	21.434087
30	120	6.037088
30	130	22.757304
30	140	19.072589
35	0	75.973073
35	10	70.532218
35	20	4.082013
35	30	3.903352
35	40	3.848863
35	50	4.297658
35	60	20.406580
35	70	16.730530
35	80	20.324918
35	90	20.721255
35	100	17.565890
35	110	16.056258
35	120	11.593276
35	130	15.349083
35	140	16.188416
35	150	39.838045
35	160	68.395585
35	170	71.892876
35	180	56.738085
40	0	60.255713
40	10	54.853069
40	20	3.837105
40	30	4.946512
40	40	4.144561
40	50	4.852968
40	60	16.622863
40	70	18.232946
40	80	16.988441
40	90	15.130965
40	100	18.432273
40	110	16.471041
40	120	14.430797
40	130	15.598430
40	140	18.241225
40	150	31.224565
40	160	51.529469
40	170	56.931386
40	180	58.801192
45	0	54.698785
45	10	52.132298
45	20	7.688240
45	30	8.257611
45	40	9.205250
45	50	7.190714
45	60	16.072469
45	70	18.361456
45	80	16.346931
45	90	17.377737
45	100	16.607989
45	110	20.083210
45	120	20.627834
45	130	20.236185
45	140	18.176734
45	150	39.843138
45	160	55.598876
45	170	56.274192
45	180	62.126215
50	0	65.767306
50	10	39.917525
50	20	15.419794
50	30	12.673935
50	40	13.845063
50	50	13.515704
50	60	24.511695
50	70	20.607075
50	80	24.323457
50	90	26.239828
50	100	21.718680
50	110	20.946053
50	120	22.243496
50	130	20.413661
50	140	21.713567
50	150	60.468654
50	160	52.941320
50	170	50.812049
50	180	43.903878
55	0	58.635745
55	10	31.969773
55	20	13.983679
55	30	16.128581
55	40	12.768279
55	50	16.150792
55	60	25.185444
55	70	25.895789
55	80	24.830162
55	90	21.766720
55	100	26.425537
55	110	21.440031
55	120	20.620610
55	130	21.903031
55	140	27.083008
55	150	50.200186
55	160	38.490343
55	170	43.790274
55	180	47.036352
60	0	49.438364
60	10	29.002694
60	20	11.966526
60	30	14.010091
60	40	13.526201
60	50	11.049690
60	60	18.342222
60	70	21.550738
60	80	18.211538
60	90	19.201121
60	100	19.992694
60	110	23.584105
60	120	23.363134
60	130	23.481450
60	140	22.288758
60	150	55.613066
60	160	42.689446
60	170	42.307490
60	180	44.885450
65	0	45.949447
65	10	28.512886
65	20	10.629733
65	30	8.510294
65	40	10.133407
65	50	9.197107
65	60	17.527327
65	70	14.982732
65	80	18.633634
65	90	19.547645
65	100	15.274910
65	110	17.187163
65	120	17.085853
65	130	17.637857
65	140	15.188003
65	150	45.421261
65	160	42.521286
65	170	39.282589
65	180	26.214665
70	0	42.071946
70	10	8.701919
70	20	4.007199
70	30	10.917081
70	40	9.120746
70	50	10.195696
70	60	16.617310
70	70	18.199401
70	80	17.454718
70	90	15.593174
70	100	18.478117
70	110	16.290936
70	120	15.918489
70	130	17.221435
70	140	28.529212
70	150	39.185525
70	160	39.511189
70	170	38.999315
70	180	19.426790
75	0	43.911522
75	10	4.495962
75	20	4.198955
75	30	14.031793
75	40	11.215425
75	50	9.554811
75	60	16.731057
75	70	15.500944
75	80	13.902056
75	90	15.131702
75	100	15.439086
75	110	16.176805
75	120	15.192761
75	130	16.483903
75	140	42.926049
75	150	50.612707
75	160	44.463294
75	170	44.586279
75	180	2.875100
80	0	57.106685
80	10	9.638328
80	20	8.594484
80	30	18.418879
80	40	16.411682
80	50	12.965114
80	60	16.640376
80	70	14.248142
80	80	16.429146
80	90	16.447399
80	100	14.293322
80	110	15.970415
80	120	14.879429
80	130	14.091125
80	140	42.073273
80	150	58.846034
80	160	62.603807
80	170	49.955315
80	180	3.033361
30	0
0	0	17.590776
5	0	13.391908
5	10	15.229285
5	20	11.051470
5	30	22.146923
5	40	20.213816
5	50	22.099002
5	60	22.019152
5	70	23.744536
5	80	22.338630
5	90	22.769974
5	100	20.517293
5	110	19.478859
5	120	19.207286
5	130	21.443990
5	140	22.642244
5	150	17.817468
5	160	11.778327
5	170	11.490810
5	180	14.094865
10	0	13.726198
10	10	10.573135
10	20	10.634555
10	30	17.037493
10	40	21.514127
10	50	17.780932
10	60	46.822691
10	70	50.022483
10	80	53.901127
10	90	51.250680
10	100	54.563745
10	110	49.650836
10	120	18.928291
10	130	38.952122
10	140	22.338363
10	150	18.475920
10	160	10.115818
10	170	14.345173
10	180	12.076037
15	0	10.977525
15	10	11.333419
15	20	9.356096
15	30	8.687158
15	40	16.975145
15	50	19.331264
15	60	44.607216
15	70	41.048182
15	80	42.498119
15	90	40.718618
15	100	45.562828
15	110	49.649140
15	120	21.292002
15	130	43.239704
15	140	39.598302
15	150	22.429067
15	160	14.948548
15	170	13.597267
15	180	13.729025
20	0	20.424861
20	10	17.721662
20	20	4.986600
20	30	7.083399
20	40	16.737390
20	50	20.700772
20	60	46.783952
20	70	44.886890
20	80	44.040053
20	90	50.086515
20	100	41.601137
20	110	38.162977
20	120	17.821454
20	130	45.784648
20	140	45.395209
25	0	70.423754
25	10	76.569816
25	20	42.430751
25	30	5.674159
25	40	6.132479
25	50	5.679314
25	60	26.731488
25	70	30.275179
25	80	30.536817
25	90	51.281388
25	100	66.032499
25	110	67.613006
25	120	44.959296
25	130	26.898306
25	140	29.149672
30	0	83.071876
30	10	82.336155
30	20	15.110271
30	30	4.487983
30	40	4.425462
30	50	4.759843
30	60	19.914239
30	70	22.272061
30	80	22.707565
30	90	21.073803
30	100	24.440548
30	110	26.557651
30	120	7.079008
30	130	19.925247
30	140	19.394207
35	0	72.864571
35	10	68.200875
35	20	3.678021
35	30	4.563985
35	40	4.414321
35	50	4.453151
35	60	21.325631
35	70	22.887644
35	80	17.480430
35	90	22.949730
35	100	17.251127
35	110	17.488163
35	120	13.172863
35	130	19.973269
35	140	19.640971
40	0	57.139511
40	10	62.540534
40	20	5.295771
40	30	5.682250
40	40	5.767287
40	50	5.453535
40	60	18.656863
40	70	16.703838
40	80	18.353385
40	90	16.165610
40	100	17.389349
40	110	16.319302
40	120	14.867076
40	130	18.185046
40	140	19.242596
45	0	74.055980
45	10	57.624599
45	20	8.248901
45	30	8.735004
45	40	8.248811
45	50	8.712383
45	60	17.393706
45	70	17.859597
45	80	21.652067
45	90	18.948811
45	100	22.315882
45	110	22.959608
45	120	22.345131
45	130	17.199857
45	140	22.050322
45	150	43.669528
45	160	53.348209
45	170	60.775864
45	180	59.425412
50	0	64.331715
50	10	37.342931
50	20	13.419523
50	30	14.026134
50	40	13.481255
50	50	13.223717
50	60	24.031468
50	70	28.290163
50	80	21.862338
50	90	27.901231
50	100	22.206368
50	110	21.775517
50	120	24.266360
50	130	24.531268
50	140	27.086562
50	150	58.066948
50	160	60.914262
50	170	53.535736
50	180	54.724184
55	0	56.361103
55	10	38.269096
55	20	18.504284
55	30	18.221208
55	40	17.513404
55	50	17.840712
55	60	22.949131
55	70	25.640498
55	80	25.104879
55	90	21.827751
55	100	23.470394
55	110	24.554737
55	120	21.897509
55	130	27.921880
55	140	22.676654
55	150	62.437057
55	160	45.926911
55	170	48.535178
55	180	50.588184
60	0	64.813606
60	10	31.677277
60	20	13.867571
60	30	14.211137
60	40	14.701191
60	50	13.685538
60	60	26.494367
60	70	19.711023
60	80	25.115774
60	90	21.906737
60	100	26.010310
60	110	24.708662
60	120	25.710940
60	130	19.724167
60	140	26.012984
60	150	57.013645
60	160	39.283546
60	170	46.286459
60	180	44.439880
65	0	44.896155
65	10	27.346503
65	20	8.952986
65	30	9.450215
65	40	8.918556
65	50	8.804648
65	60	18.095161
65	70	19.958677
65	80	15.758377
65	90	20.889505
65	100	16.669896
65	110	15.707502
65	120	17.394590
65	130	16.717344
65	140	18.882411
65	150	45.383579
65	160	49.977972
65	170	40.261787
65	180	33.595983
70	0	42.306058
70	10	10.755595
70	20	4.656571
70	30	13.407530
70	40	11.652797
70	50	11.410616
70	60	18.246291
70	70	19.781608
70	80	17.920040
70	90	17.314905
70	100	16.430607
70	110	18.152260
70	120	16.104636
70	130	19.501547
70	140	29.227198
70	150	49.748696
70	160	43.792324
70	170	45.048769
70	180	21.818739
75	0	53.321991
75	10	4.895447
75	20	5.684276
75	30	12.587768
75	40	13.411510
75	50	12.814587
75	60	18.268631
75	70	15.070766
75	80	17.776293
75	90	16.423065
75	100	17.283813
75	110	17.959913
75	120	18.390319
75	130	16.299431
75	140	45.201330
75	150	49.813292
75	160	47.476478
75	170	48.767780
75	180	3.287126
80	0	49.868450
80	10	10.612478
80	20	7.757751
80	30	17.742218
80	40	16.825058
80	50	15.504801
80	60	17.859727
80	70	16.924599
80	80	15.980195
80	90	18.032921
80	100	14.889035
80	110	15.594585
80	120	15.906015
80	130	15.841523
80	140	45.831023
80	150	57.837884
80	160	65.353358
80	170	50.047070
80	180	4.082012
40	0
0	0	16.565218
5	0	13.775243
5	10	12.708139
5	20	13.307242
5	30	17.913174
5	40	19.127468
5	50	18.456352
5	60	19.015514
5	70	17.641537
5	80	19.926107
5	90	20.501285
5	100	18.791822
5	110	21.028495
5	120	21.715531
5	130	18.009024
5	140	21.667642
5	150	18.712092
5	160	10.311640
5	170	10.548129
5	180	12.784698
10	0	12.496344
10	10	10.269300
10	20	9.162230
10	30	20.091901
10	40	19.930347
10	50	16.892068
10	60	52.285050
10	70	52.398144
10	80	46.838714
10	90	50.151715
10	100	47.921535
10	110	39.081410
10	120	16.003123
10	130	38.467251
10	140	19.526281
10	150	17.829391
10	160	11.990383
10	170	11.282563
10	180	11.785033
15	0	8.632850
15	10	11.056582
15	20	7.456339
15	30	8.224148
15	40	16.151233
15	50	19.891488
15	60	38.280016
15	70	40.108923
15	80	41.179956
15	90	38.181130
15	100	43.750316
15	110	47.902544
15	120	18.705083
15	130	44.079929
15	140	39.565283
15	150	18.309711
15	160	11.966059
15	170	15.689771
15	180	12.213114
20	0	17.921712
20	10	14.627440
20	20	6.046927
20	30	6.219633
20	40	15.331668
20	50	17.279507
20	60	41.855259
20	70	37.908915
20	80	41.736616
20	90	45.123973
20	100	39.500977
20	110	40.805094
20	120	18.888420
20	130	37.451669
20	140	44.463577
20	150	22.004991
20	160	22.242192
20	170	22.868697
20	180	26.747285
25	0	74.989703
25	10	75.691855
25	20	38.848452
25	30	5.730389
25	40	5.818202
25	50	5.301800
25	60	26.972106
25	70	28.206569
25	80	25.484574
25	90	47.593618
25	100	60.237381
25	110	54.442332
25	120	37.443219
25	130	28.138073
25	140	21.089201
25	150	44.359366
25	160	73.584532
25	170	66.735967
25	180	68.316413
30	0	66.348371
30	10	67.818048
30	20	13.566752
30	30	4.335623
30	40	4.265714
30	50	5.094417
30	60	23.613720
30	70	19.191988
30	80	18.982438
30	90	19.669733
30	100	20.755805
30	110	24.223701
30	120	6.454132
30	130	20.379174
30	140	22.751763
35	0	68.784762
35	10	67.229744
35	20	4.346630
35	30	4.529216
35	40	4.130820
35	50	3.862628
35	60	19.149625
35	70	17.966268
35	80	20.072290
35	90	21.113706
35	100	17.173400
35	110	15.978532
35	120	12.281091
35	130	16.200083
35	140	17.486327
40	0	60.879716
40	10	61.294357
40	20	4.192928
40	30	5.123630
40	40	5.414382
40	50	5.204376
40	60	14.686645
40	70	18.843849
40	80	16.589538
40	90	14.466179
40	100	18.629667
40	110	16.647638
40	120	14.152458
40	130	17.956622
40	140	14.599198
45	0	57.850928
45	10	50.197564
45	20	7.166810
45	30	7.934251
45	40	7.857477
45	50	8.219742
45	60	21.229279
45	70	16.999840
45	80	16.848936
45	90	20.042752
45	100	16.610239
45	110	19.209858
45	120	21.201785
45	130	19.470995
45	140	21.469697
50	0	62.351760
50	10	35.635251
50	20	15.787358
50	30	14.717597
50	40	12.870149
50	50	12.426707
50	60	22.751657
50	70	22.605357
50	80	26.462805
50	90	22.993826
50	100	22.560437
50	110	20.406320
50	120	20.923769
50	130	23.605314
50	140	21.446307
55	0	57.916146
55	10	36.272363
55	20	14.473497
55	30	16.434999
55	40	16.856488
55	50	16.936566
55	60	21.420556
55	70	26.134659
55	80	21.833578
55	90	21.197987
55	100	25.552618
55	110	26.884416
55	120	22.052703
55	130	25.587234
55	140	25.426602
55	150	59.440417
55	160	40.599538
55	170	45.982643
55	180	43.790301
60	0	50.554867
60	10	28.877709
60	20	11.933533
60	30	11.904462
60	40	12.429240
60	50	12.059604
60	60	24.591215
60	70	18.476210
60	80	20.003876
60	90	24.151225
60	100	18.164338
60	110	19.130313
60	120	23.214197
60	130	23.374004
60	140	21.884664
60	150	47.241627
60	160	40.970748
60	170	40.875398
60	180	43.262420
65	0	48.024040
65	10	26.520165
65	20	11.016108
65	30	10.020186
65	40	8.636520
65	50	8.511168
65	60	16.350402
65	70	18.042495
65	80	19.443956
65	90	15.028872
65	100	17.995483
65	110	16.573753
65	120	14.787589
65	130	16.418443
65	140	15.647614
65	150	47.831657
65	160	44.555226
65	170	39.923117
65	180	31.939239
70	0	39.982462
70	10	9.395010
70	20	3.797357
70	30	10.859284
70	40	11.025854
70	50	11.606884
70	60	16.013222
70	70	17.082909
70	80	15.965770
70	90	17.501124
70	100	16.989159
70	110	16.942446
70	120	16.849235
70	130	14.429526
70	140	32.903535
70	150	38.534205
70	160	38.208548
70	170	41.372839
70	180	15.564865
75	0	44.102137
75	10	5.016271
75	20	4.833763
75	30	13.943099
75	40	10.682514
75	50	10.373956
75	60	18.884131
75	70	15.685887
75	80	16.362033
75	90	15.562225
75	100	13.594272
75	110	15.008486
75	120	17.652462
75	130	16.237975
75	140	40.773938
75	150	48.891156
75	160	43.295199
75	170	40.712522
75	180	3.324279
80	0	56.290436
80	10	7.831532
80	20	9.352919
80	30	17.341536
80	40	14.645497
80	50	12.499646
80	60	17.237142
80	70	18.015479
80	80	16.612820
80	90	15.668329
80	100	15.778084
80	110	17.317614
80	120	15.960975
80	130	14.650190
80	140	41.440844
80	150	66.361819
80	160	57.654650
80	170	52.521944
80	180	3.440670
50	0
0	0	17.501348
5	0	12.912540
5	10	15.117380
5	20	11.647290
5	30	22.338550
5	40	20.469372
5	50	22.610171
5	60	20.533222
5	70	20.549174
5	80	18.616059
5	90	22.018993
5	100	20.756826
5	110	20.820755
5	120	20.485309
5	130	19.942139
5	140	20.373515
5	150	23.696583
5	160	13.024326
5	170	11.250974
5	180	11.220571
10	0	12.108464
10	10	10.573159
10	20	11.898314
10	30	18.992952
10	40	21.417193
10	50	17.425317
10	60	54.515246
10	70	54.175848
10	80	56.115162
10	90	54.305072
10	100	46.418520
10	110	50.911242
10	120	18.265609
10	130	40.648916
10	140	23.340200
10	150	17.732392
10	160	10.055805
10	170	13.782503
10	180	12.948538
15	0	11.340026
15	10	10.809477
15	20	7.724938
15	30	8.604806
15	40	16.777364
15	50	19.792610
15	60	44.640170
15	70	44.079913
15	80	42.778186
15	90	41.542366
15	100	51.708625
15	110	45.529809
15	120	19.858410
15	130	42.382747
15	140	42.399191
15	150	19.594821
15	160	14.816494
15	170	14.289076
15	180	16.502010
20	0	16.394036
20	10	18.140224
20	20	5.698129
20	30	7.913435
20	40	18.685237
20	50	21.733992
20	60	42.380354
20	70	41.906036
20	80	42.397164
20	90	46.580573
20	100	39.162187
20	110	42.329374
20	120	21.005501
20	130	46.241827
20	140	43.701349
20	150	26.527062
20	160	24.901161
20	170	24.138856
20	180	23.563009
25	0	88.511699
25	10	72.882372
25	20	33.562772
25	30	4.947414
25	40	5.582992
25	50	4.947177
25	60	29.723901
25	70	29.160138
25	80	27.749962
25	90	50.403356
25	100	56.900801
25	110	63.047144
25	120	40.656784
25	130	23.767092
25	140	29.623717
25	150	37.847679
25	160	68.491775
25	170	80.608819
25	180	87.281933
30	0	74.618644
30	10	77.558477
30	20	15.386376
30	30	5.093002
30	40	4.607667
30	50	5.763473
30	60	20.134963
30	70	19.879376
30	80	19.958336
30	90	20.086869
30	100	22.755264
30	110	22.139641
30	120	6.435708
30	130	22.740617
30	140	19.206654
30	150	46.383851
30	160	85.460628
30	170	78.109668
30	180	67.634401
35	0	64.705119
35	10	65.675862
35	20	4.300466
35	30	4.850090
35	40	5.304627
35	50	4.333000
35	60	19.810316
35	70	21.016725
35	80	22.800203
35	90	21.428499
35	100	21.747080
35	110	17.781554
35	120	11.678746
35	130	20.328736
35	140	20.278240
35	150	38.404158
35	160	60.235376
35	170	65.287015
35	180	68.589936
40	0	75.008188
40	10	63.580446
40	20	4.843795
40	30	4.995233
40	40	4.860021
40	50	4.762124
40	60	19.087190
40	70	18.482530
40	80	16.851443
40	90	17.703163
40	100	15.020872
40	110	19.888767
40	120	19.142871
40	130	14.721736
40	140	17.175416
45	0	56.276398
45	10	59.876999
45	20	7.453527
45	30	10.376956
45	40	8.481505
45	50	10.002609
45	60	17.565181
45	70	17.715713
45	80	18.570915
45	90	17.913504
45	100	21.780328
45	110	18.043982
45	120	18.795735
45	130	22.601878
45	140	18.546021
50	0	71.217428
50	10	35.909023
50	20	15.957002
50	30	14.233166
50	40	17.104790
50	50	12.575694
50	60	27.800524
50	70	27.867070
50	80	28.173847
50	90	28.909116
50	100	24.756759
50	110	23.793578
50	120	22.926961
50	130	22.966602
50	140	30.597781
55	0	62.857492
55	10	39.687537
55	20	16.686566
55	30	15.989469
55	40	15.267281
55	50	16.967610
55	60	24.831083
55	70	25.227464
55	80	21.969587
55	90	22.266394
55	100	21.913839
55	110	27.891759
55	120	27.965291
55	130	23.426400
55	140	22.552136
60	0	49.571512
60	10	32.795897
60	20	12.250936
60	30	15.846750
60	40	12.570361
60	50	13.861892
60	60	20.698697
60	70	20.061635
60	80	22.474099
60	90	22.553489
60	100	26.101229
60	110	19.044178
60	120	18.950897
60	130	25.107965
60	140	24.218066
65	0	57.933549
65	10	27.202080
65	20	11.750445
65	30	9.449883
65	40	11.847538
65	50	8.803456
65	60	21.685308
65	70	21.367676
65	80	20.334037
65	90	19.553038
65	100	16.812724
65	110	19.338836
65	120	19.642716
65	130	15.286556
65	140	19.176570
65	150	50.618744
65	160	40.827335
65	170	45.271185
65	180	30.922947
70	0	38.547244
70	10	10.197159
70	20	4.431576
70	30	12.053113
70	40	11.604385
70	50	10.574679
70	60	16.525559
70	70	18.200094
70	80	17.036266
70	90	16.570576
70	100	18.152625
70	110	17.733612
70	120	17.128584
70	130	18.664213
70	140	28.994894
70	150	43.327588
70	160	48.865252
70	170	39.837626
70	180	21.637969
75	0	48.356021
75	10	6.125723
75	20	4.995609
75	30	13.786434
75	40	12.270878
75	50	12.367726
75	60	19.192305
75	70	15.747696
75	80	16.300756
75	90	18.637059
75	100	18.083412
75	110	17.099350
75	120	17.160704
75	130	15.438880
75	140	45.939605
75	150	49.998327
75	160	42.803607
75	170	49.444916
75	180	3.484480
80	0	59.055947
80	10	8.513389
80	20	10.552867
80	30	19.636942
80	40	17.956413
80	50	14.966111
80	60	20.903986
80	70	17.905893
80	80	17.107901
80	90	16.392622
80	100	16.236477
80	110	19.526647
80	120	19.370661
80	130	14.073001
80	140	41.157071
80	150	71.128039
80	160	67.186835
80	170	49.681041
80	180	4.210959
60	0
0	0	16.935767
5	0	15.436762
5	10	15.083853
5	20	13.882372
5	30	17.929119
5	40	19.702527
5	50	21.140321
5	60	22.082922
5	70	20.980526
5	80	17.689378
5	90	18.584067
5	100	22.769862
5	110	20.325490
5	120	19.894130
5	130	17.625497
5	140	19.622533
5	150	20.597135
5	160	10.311488
5	170	10.915448
5	180	12.896412
10	0	11.607480
10	10	10.414822
10	20	9.087937
10	30	19.154610
10	40	16.488075
10	50	15.922431
10	60	51.137642
10	70	51.493111
10	80	53.868773
10	90	44.107470
10	100	43.073133
10	110	48.390059
10	120	19.526120
10	130	38.644885
10	140	20.705914
10	150	16.827262
10	160	12.641470
10	170	13.598235
10	180	13.869683
15	0	9.048217
15	10	9.763348
15	20	7.909628
15	30	10.285502
15	40	21.802903
15	50	20.221068
15	60	39.779524
15	70	38.873210
15	80	43.305464
15	90	51.329689
15	100	42.152005
15	110	45.628645
15	120	16.694724
15	130	46.831412
15	140	45.167275
15	150	19.973716
15	160	12.443667
15	170	13.465163
15	180	12.837343
20	0	19.791810
20	10	18.225103
20	20	6.201375
20	30	5.666084
20	40	14.417278
20	50	19.481483
20	60	46.309727
20	70	43.904617
20	80	37.485458
20	90	39.162162
20	100	48.104836
20	110	39.568597
20	120	20.988462
20	130	39.077444
20	140	40.025911
20	150	21.818473
20	160	21.479794
20	170	22.885380
20	180	27.864842
25	0	83.770589
25	10	75.165566
25	20	31.174845
25	30	5.606155
25	40	5.521767
25	50	4.601361
25	60	25.955493
25	70	27.112636
25	80	29.576294
25	90	49.876523
25	100	54.617923
25	110	56.373924
25	120	40.463572
25	130	24.497586
25	140	24.915569
25	150	39.889957
25	160	79.554986
25	170	78.676972
25	180	70.599054
30	0	65.981710
30	10	74.802393
30	20	15.846341
30	30	5.358053
30	40	5.249386
30	50	5.427401
30	60	19.513900
30	70	24.834095
30	80	19.539390
30	90	25.059920
30	100	21.242831
30	110	24.967958
30	120	5.608715
30	130	24.396368
30	140	23.931423
30	150	36.586645
30	160	72.044913
30	170	73.882685
30	180	67.818048
35	0	68.008876
35	10	65.093791
35	20	4.371043
35	30	3.896668
35	40	3.880892
35	50	4.517860
35	60	22.219706
35	70	20.770110
35	80	18.850366
35	90	18.467484
35	100	21.416783
35	110	16.903353
35	120	11.970155
35	130	16.438965
35	140	16.742120
35	150	44.335873
35	160	59.069457
35	170	62.761079
35	180	68.006952
40	0	68.776678
40	10	62.127306
40	20	3.853819
40	30	5.205872
40	40	5.614717
40	50	4.309568
40	60	15.553401
40	70	15.918908
40	80	18.328651
40	90	19.211557
40	100	14.565904
40	110	15.380290
40	120	18.426081
40	130	15.623392
40	140	15.330469
40	150	35.928338
40	160	62.748754
40	170	66.073039
40	180	66.696377
45	0	55.828221
45	10	57.402941
45	20	9.041820
45	30	9.741051
45	40	8.045435
45	50	9.739769
45	60	18.985708
45	70	21.587262
45	80	16.828877
45	90	17.933896
45	100	19.360762
45	110	21.998644
45	120	18.383885
45	130	21.179390
45	140	21.964950
45	150	35.814459
45	160	58.300219
45	170	57.850117
45	180	50.422587
50	0	64.560040
50	10	33.410963
50	20	14.163850
50	30	12.902495
50	40	13.985913
50	50	13.195280
50	60	26.186507
50	70	21.172144
50	80	27.309920
50	90	21.285564
50	100	25.304069
50	110	22.496185
50	120	21.000674
50	130	21.129439
50	140	24.625617
55	0	63.972121
55	10	37.055642
55	20	14.172988
55	30	17.459384
55	40	16.697459
55	50	14.487707
55	60	21.093792
55	70	24.622822
55	80	22.699632
55	90	25.773810
55	100	20.492734
55	110	21.523760
55	120	26.063303
55	130	22.693899
55	140	22.346885
60	0	48.337584
60	10	33.979835
60	20	15.425631
60	30	13.573497
60	40	11.438594
60	50	14.426168
60	60	25.133171
60	70	23.025388
60	80	20.137872
60	90	23.588130
60	100	24.161541
60	110	24.887202
60	120	22.277363
60	130	24.044683
60	140	24.972652
65	0	49.773388
65	10	28.040356
65	20	8.945959
65	30	9.652786
65	40	11.195724
65	50	8.378067
65	60	16.598066
65	70	15.434833
65	80	20.442616
65	90	15.518763
65	100	17.155199
65	110	16.635430
65	120	15.098542
65	130	15.250723
65	140	17.180873
70	0	45.128378
70	10	9.909533
70	20	4.367917
70	30	11.834148
70	40	11.360055
70	50	10.184832
70	60	16.247022
70	70	17.781732
70	80	16.385067
70	90	16.989641
70	100	15.174567
70	110	16.896241
70	120	17.780376
70	130	15.407220
70	140	32.578392
75	0	41.562332
75	10	6.024812
75	20	4.636030
75	30	14.467521
75	40	11.916480
75	50	10.745369
75	60	18.270516
75	70	15.871330
75	80	14.825124
75	90	13.963868
75	100	14.640009
75	110	17.714539
75	120	17.775985
75	130	16.484641
75	140	36.777632
75	150	45.202360
75	160	46.309380
75	170	45.940436
75	180	2.950351
80	0	59.291267
80	10	7.903570
80	20	9.950198
80	30	18.396648
80	40	17.720528
80	50	14.023718
80	60	17.311932
80	70	16.045800
80	80	18.583860
80	90	15.659755
80	100	16.585045
80	110	15.301664
80	120	15.356693
80	130	14.660001
80	140	42.165779
80	150	68.745685
80	160	57.655659
80	170	48.581912
80	180	4.578330
70	0
0	0	17.910354
5	0	15.884162
5	10	12.193719
5	20	12.192089
5	30	23.552780
5	40	20.293681
5	50	18.248684
5	60	17.817285
5	70	20.836763
5	80	18.903600
5	90	19.191150
5	100	20.245561
5	110	19.989932
5	120	22.146723
5	130	23.249095
5	140	19.942011
5	150	18.376351
5	160	12.067210
5	170	12.115155
5	180	10.632476
10	0	10.629876
10	10	13.165499
10	20	11.012803
10	30	17.166838
10	40	18.669877
10	50	20.657617
10	60	48.729634
10	70	50.749721
10	80	44.592325
10	90	45.190242
10	100	42.685236
10	110	42.782162
10	120	16.196910
10	130	36.301465
10	140	20.366452
10	150	20.544207
10	160	11.300025
10	170	11.510142
10	180	13.598057
15	0	9.424088
15	10	9.644896
15	20	7.323205
15	30	8.654459
15	40	18.590024
15	50	20.468321
15	60	52.104319
15	70	43.750423
15	80	50.571824
15	90	42.761676
15	100	50.308069
15	110	47.276273
15	120	19.429854
15	130	40.965550
15	140	48.067083
15	150	18.820215
15	160	12.278783
15	170	16.842819
15	180	14.964391
20	0	21.528157
20	10	15.459652
20	20	5.353132
20	30	7.371877
20	40	15.907938
20	50	17.245929
20	60	38.485033
20	70	40.568121
20	80	42.769844
20	90	43.125426
20	100	44.988402
20	110	44.192341
20	120	21.852194
20	130	49.256420
20	140	43.497902
20	150	21.936904
20	160	26.272797
20	170	22.207793
20	180	23.901485
25	0	76.044405
25	10	91.322095
25	20	38.076742
25	30	5.132452
25	40	4.786215
25	50	5.421740
25	60	24.132813
25	70	29.880307
25	80	23.043762
25	90	51.457031
25	100	55.847127
25	110	63.925035
25	120	39.866452
25	130	26.004189
25	140	22.305875
25	150	40.639628
25	160	72.179316
25	170	79.379246
25	180	75.515887
30	0	66.533875
30	10	76.457198
30	20	13.255803
30	30	4.303747
30	40	4.527586
30	50	5.368923
30	60	25.911355
30	70	22.022419
30	80	22.711396
30	90	20.292726
30	100	22.663385
30	110	21.667262
30	120	6.178302
30	130	19.658514
30	140	23.097005
30	150	47.695702
30	160	68.920495
30	170	81.417329
30	180	75.536478
35	0	78.113484
35	10	68.786598
35	20	3.490082
35	30	4.633910
35	40	4.522581
35	50	3.974210
35	60	18.390497
35	70	17.224418
35	80	21.560831
35	90	21.828819
35	100	21.834482
35	110	21.692581
35	120	13.602142
35	130	20.730776
35	140	20.501530
35	150	40.657745
35	160	75.972713
35	170	65.092412
35	180	68.395342
40	0	66.493570
40	10	57.974081
40	20	4.721838
40	30	4.903724
40	40	4.331578
40	50	4.158394
40	60	15.510119
40	70	18.464137
40	80	15.681924
40	90	16.984389
40	100	15.417739
40	110	16.495899
40	120	14.707068
40	130	17.266665
40	140	14.609451
40	150	33.480767
40	160	57.762309
40	170	64.202953
40	180	61.917674
45	0	55.944395
45	10	59.881962
45	20	7.144584
45	30	7.599896
45	40	7.670666
45	50	9.285788
45	60	22.308212
45	70	21.373735
45	80	18.699412
45	90	17.690825
45	100	18.640554
45	110	17.422797
45	120	22.482519
45	130	16.846550
45	140	20.031475
45	150	41.711396
45	160	57.849836
45	170	58.300095
45	180	58.525175
50	0	69.072336
50	10	38.739537
50	20	12.664526
50	30	14.395258
50	40	13.011702
50	50	14.946590
50	60	24.713721
50	70	21.373039
50	80	28.067764
50	90	27.441077
50	100	27.839492
50	110	26.418199
50	120	22.325315
50	130	25.390655
50	140	29.525631
50	150	69.654929
50	160	52.991298
50	170	56.036904
50	180	54.427471
55	0	61.900941
55	10	31.236522
55	20	17.454972
55	30	17.342830
55	40	14.592977
55	50	12.945745
55	60	21.563363
55	70	23.693614
55	80	22.971713
55	90	24.159030
55	100	22.186202
55	110	26.631634
55	120	23.195302
55	130	27.118858
55	140	22.888023
55	150	58.802551
55	160	43.735458
55	170	48.536011
55	180	50.505856
60	0	50.487608
60	10	31.478285
60	20	11.654407
60	30	12.042649
60	40	14.130271
60	50	11.896585
60	60	23.628203
60	70	25.454508
60	80	20.329092
60	90	19.398352
60	100	20.282747
60	110	19.408897
60	120	24.878384
60	130	19.300688
60	140	21.636876
65	0	51.199091
65	10	29.718754
65	20	7.909858
65	30	8.128583
65	40	7.635748
65	50	9.701082
65	60	18.563104
65	70	16.790912
65	80	20.680604
65	90	20.075741
65	100	20.748910
65	110	16.655589
65	120	15.500649
65	130	16.421098
65	140	21.666375
70	0	41.559328
70	10	7.138050
70	20	1.988086
70	30	9.917654
70	40	9.389342
70	50	7.426837
70	60	14.944783
70	70	16.200035
70	80	16.804311
70	90	16.292018
70	100	15.500604
70	110	18.199513
70	120	18.850986
70	130	19.316410
70	140	28.437312
75	0	45.372112
75	10	1.659380
75	20	0.902344
75	30	9.882192
75	40	7.971083
75	50	8.665235
75	60	14.950756
75	70	16.794244
75	80	14.395215
75	90	14.825200
75	100	14.886315
75	110	16.915499
75	120	16.731027
75	130	15.070830
75	140	36.962756
80	0	62.461058
80	10	2.472355
80	20	0.648082
80	30	11.280414
80	40	9.627454
80	50	9.943164
80	60	17.266907
80	70	15.579168
80	80	15.449932
80	90	16.485073
80	100	16.640523
80	110	14.165805
80	120	14.523171
80	130	13.918335
80	140	50.965288
