type bsdf_data
format angles=deg bsdf=value scale=1
0	0
0	0	0.000111
5	40	0.007959
5	50	0.007928
5	60	0.007983
5	70	0.007903
5	80	0.007880
5	90	0.007821
5	100	0.007881
5	110	0.007859
5	120	0.007944
5	130	0.007822
5	140	0.007870
10	40	0.007923
10	50	0.007956
10	60	0.007555
10	70	0.007938
10	80	0.007797
10	90	0.007633
10	100	0.007846
10	110	0.007891
10	120	0.007708
10	130	0.007868
10	140	0.007856
15	0	0.007989
15	10	0.007994
15	20	0.007984
15	30	0.007836
15	40	0.007808
15	50	0.007710
15	60	0.007357
15	70	0.007727
15	80	0.007685
15	90	0.007674
15	100	0.007697
15	110	0.007787
15	120	0.007570
15	130	0.007599
15	140	0.007766
15	150	0.007792
15	160	0.007732
15	170	0.007692
15	180	0.007742
20	0	0.007871
20	10	0.007869
20	20	0.007780
20	30	0.007714
20	40	0.007584
20	50	0.007674
20	60	0.007584
20	70	0.007609
20	80	0.007605
20	90	0.007639
20	100	0.007549
20	110	0.007622
20	120	0.007349
20	130	0.007558
20	140	0.007572
20	150	0.007533
20	160	0.007571
20	170	0.007505
20	180	0.007609
25	0	0.007390
25	10	0.007279
25	20	0.006888
25	30	0.007737
25	40	0.007569
25	50	0.007572
25	60	0.007592
25	70	0.007527
25	80	0.007513
25	90	0.007265
25	100	0.007285
25	110	0.007414
25	120	0.007433
25	130	0.007618
25	140	0.007583
25	150	0.007637
25	160	0.007398
25	170	0.007340
25	180	0.007502
30	0	0.007399
30	10	0.006969
30	20	0.007343
30	30	0.007568
30	40	0.007426
30	50	0.007527
30	60	0.007471
30	70	0.007484
30	80	0.007407
30	90	0.007469
30	100	0.007382
30	110	0.007364
30	120	0.007395
30	130	0.007414
30	140	0.007452
30	150	0.007660
30	160	0.007301
30	170	0.007132
30	180	0.007123
35	0	0.007105
35	10	0.006460
35	20	0.007412
35	30	0.007467
35	40	0.007447
35	50	0.007351
35	60	0.007410
35	70	0.007535
35	80	0.007452
35	90	0.007512
35	100	0.007469
35	110	0.007422
35	120	0.007416
35	130	0.007511
35	140	0.007462
35	150	0.007531
35	160	0.007092
35	170	0.007371
35	180	0.007232
40	0	0.007245
40	10	0.006825
40	20	0.007497
40	30	0.007413
40	40	0.007437
40	50	0.007523
40	60	0.007428
40	70	0.007461
40	80	0.007345
40	90	0.007512
40	100	0.007413
40	110	0.007387
40	120	0.007409
40	130	0.007395
40	140	0.007415
40	150	0.007371
40	160	0.007162
40	170	0.007089
40	180	0.007199
45	0	0.007074
45	10	0.006908
45	20	0.007392
45	30	0.007482
45	40	0.007512
45	50	0.007465
45	60	0.007533
45	70	0.007517
45	80	0.007494
45	90	0.007459
45	100	0.007432
45	110	0.007505
45	120	0.007507
45	130	0.007493
45	140	0.007368
45	150	0.007385
45	160	0.007250
45	170	0.007083
45	180	0.007173
50	0	0.007022
50	10	0.007095
50	20	0.007358
50	30	0.007398
50	40	0.007521
50	50	0.007563
50	60	0.007584
50	70	0.007671
50	80	0.007679
50	90	0.007835
50	100	0.007763
50	110	0.007621
50	120	0.007646
50	130	0.007602
50	140	0.007539
50	150	0.007239
50	160	0.007121
50	170	0.007192
50	180	0.007195
55	0	0.007237
55	10	0.007138
55	20	0.007360
55	30	0.007448
55	40	0.007535
55	50	0.007559
55	60	0.007742
55	70	0.007783
55	80	0.007856
55	90	0.007815
55	100	0.007825
55	110	0.007713
55	120	0.007647
55	130	0.007530
55	140	0.007519
55	150	0.007247
55	160	0.007045
55	170	0.007152
55	180	0.006940
60	0	0.007310
60	10	0.007476
60	20	0.007443
60	30	0.007606
60	40	0.007651
60	50	0.007822
60	60	0.007938
60	70	0.008141
60	80	0.008130
60	90	0.007937
60	100	0.007919
60	110	0.007946
60	120	0.007699
60	130	0.007705
60	140	0.007479
60	150	0.007357
60	160	0.007211
60	170	0.007179
60	180	0.006958
65	0	0.007456
65	10	0.007513
65	20	0.007411
65	30	0.007672
65	40	0.007737
65	50	0.007920
65	60	0.008033
65	70	0.008267
65	80	0.008282
65	90	0.008307
65	100	0.008177
65	110	0.008287
65	120	0.008066
65	130	0.007986
65	140	0.007737
65	150	0.007652
65	160	0.007566
65	170	0.007425
65	180	0.007352
70	0	0.007575
70	10	0.007585
70	20	0.007441
70	30	0.007721
70	40	0.007921
70	50	0.008140
70	60	0.008347
70	70	0.008424
70	80	0.008494
70	90	0.008687
70	100	0.008431
70	110	0.008263
70	120	0.008214
70	130	0.007949
70	140	0.007773
70	150	0.007698
70	160	0.007608
70	170	0.007575
70	180	0.007396
75	0	0.007746
75	10	0.007640
75	20	0.007819
75	30	0.008119
75	40	0.007980
75	50	0.008179
75	60	0.008592
75	70	0.008897
75	80	0.009073
75	90	0.008675
75	100	0.008905
75	110	0.008617
75	120	0.008537
75	130	0.008092
75	140	0.008124
75	150	0.008072
75	160	0.007842
75	170	0.007636
75	180	0.007561
80	0	0.008220
80	10	0.007974
80	20	0.008143
80	30	0.008277
80	40	0.008570
80	50	0.008628
80	60	0.009006
80	70	0.009191
80	80	0.009461
80	90	0.009495
80	100	0.009409
80	110	0.009367
80	120	0.008823
80	130	0.008739
80	140	0.008650
80	150	0.008316
80	160	0.008163
80	170	0.008064
80	180	0.007502
10	0
0	0	0.007724
5	0	0.007859
5	10	0.007968
5	20	0.007739
5	30	0.007576
5	40	0.007674
5	50	0.007559
5	60	0.007675
5	70	0.007630
5	80	0.007638
5	90	0.007597
5	100	0.007668
5	110	0.007718
5	120	0.007778
5	130	0.007750
5	140	0.007865
10	0	0.007934
10	10	0.007851
10	20	0.007834
10	30	0.007686
10	40	0.007725
10	50	0.007618
10	60	0.007185
10	70	0.007463
10	80	0.007652
10	90	0.007477
10	100	0.007526
10	110	0.007767
10	120	0.007710
10	130	0.007822
10	140	0.007775
15	0	0.007809
15	10	0.007742
15	20	0.007721
15	30	0.007640
15	40	0.007534
15	50	0.007542
15	60	0.007245
15	70	0.007497
15	80	0.007405
15	90	0.007584
15	100	0.007609
15	110	0.007579
15	120	0.007581
15	130	0.007541
15	140	0.007688
20	0	0.007731
20	10	0.007763
20	20	0.007663
20	30	0.007552
20	40	0.007462
20	50	0.007481
20	60	0.007435
20	70	0.007498
20	80	0.007404
20	90	0.007433
20	100	0.007460
20	110	0.007447
20	120	0.007352
20	130	0.007469
20	140	0.007610
25	0	0.007430
25	10	0.006931
25	20	0.006678
25	30	0.007563
25	40	0.007490
25	50	0.007433
25	60	0.007433
25	70	0.007342
25	80	0.007439
25	90	0.007090
25	100	0.006952
25	110	0.007288
25	120	0.007400
25	130	0.007528
25	140	0.007672
25	150	0.007655
25	160	0.007226
25	170	0.007467
25	180	0.007476
30	0	0.007244
30	10	0.006927
30	20	0.007264
30	30	0.007556
30	40	0.007427
30	50	0.007346
30	60	0.007546
30	70	0.007391
30	80	0.007320
30	90	0.007316
30	100	0.007491
30	110	0.007379
30	120	0.007395
30	130	0.007333
30	140	0.007439
30	150	0.007426
30	160	0.007134
30	170	0.007211
30	180	0.007195
35	0	0.007099
35	10	0.006703
35	20	0.007614
35	30	0.007431
35	40	0.007499
35	50	0.007473
35	60	0.007476
35	70	0.007453
35	80	0.007364
35	90	0.007391
35	100	0.007325
35	110	0.007385
35	120	0.007369
35	130	0.007454
35	140	0.007476
35	150	0.007587
35	160	0.007346
35	170	0.007103
35	180	0.007066
40	0	0.007351
40	10	0.006655
40	20	0.007464
40	30	0.007446
40	40	0.007579
40	50	0.007487
40	60	0.007419
40	70	0.007462
40	80	0.007409
40	90	0.007377
40	100	0.007318
40	110	0.007347
40	120	0.007315
40	130	0.007407
40	140	0.007276
40	150	0.007392
40	160	0.007130
40	170	0.007058
40	180	0.007093
45	0	0.007205
45	10	0.006912
45	20	0.007498
45	30	0.007695
45	40	0.007516
45	50	0.007497
45	60	0.007436
45	70	0.007432
45	80	0.007432
45	90	0.007438
45	100	0.007376
45	110	0.007419
45	120	0.007359
45	130	0.007248
45	140	0.007404
45	150	0.007178
45	160	0.006883
45	170	0.007076
45	180	0.007009
50	0	0.007156
50	10	0.007414
50	20	0.007664
50	30	0.007616
50	40	0.007760
50	50	0.007686
50	60	0.007712
50	70	0.007753
50	80	0.007702
50	90	0.007656
50	100	0.007569
50	110	0.007470
50	120	0.007517
50	130	0.007244
50	140	0.007163
50	150	0.007135
50	160	0.006972
50	170	0.006972
50	180	0.007027
55	0	0.007393
55	10	0.007372
55	20	0.007647
55	30	0.007747
55	40	0.007744
55	50	0.007768
55	60	0.007827
55	70	0.007823
55	80	0.007775
55	90	0.007822
55	100	0.007661
55	110	0.007536
55	120	0.007493
55	130	0.007416
55	140	0.007447
55	150	0.006918
55	160	0.006997
55	170	0.006860
55	180	0.006888
60	0	0.007652
60	10	0.007861
60	20	0.007841
60	30	0.008086
60	40	0.007761
60	50	0.007962
60	60	0.008126
60	70	0.008168
60	80	0.008136
60	90	0.007901
60	100	0.007924
60	110	0.007720
60	120	0.007526
60	130	0.007529
60	140	0.007349
60	150	0.007363
60	160	0.006994
60	170	0.007119
60	180	0.006871
65	0	0.008033
65	10	0.008099
65	20	0.008089
65	30	0.007986
65	40	0.008229
65	50	0.008420
65	60	0.008339
65	70	0.008469
65	80	0.008325
65	90	0.008139
65	100	0.008038
65	110	0.007996
65	120	0.007802
65	130	0.007473
65	140	0.007292
65	150	0.007430
65	160	0.007182
65	170	0.007244
65	180	0.007196
70	0	0.008417
70	10	0.008183
70	20	0.008455
70	30	0.008450
70	40	0.008475
70	50	0.008507
70	60	0.008529
70	70	0.008533
70	80	0.008603
70	90	0.008585
70	100	0.008337
70	110	0.007989
70	120	0.007957
70	130	0.007688
70	140	0.007455
70	150	0.007352
70	160	0.007329
70	170	0.007273
70	180	0.007030
75	0	0.008603
75	10	0.008464
75	20	0.008704
75	30	0.008935
75	40	0.008800
75	50	0.009052
75	60	0.009341
75	70	0.009039
75	80	0.009070
75	90	0.008953
75	100	0.008892
75	110	0.008448
75	120	0.007826
75	130	0.007816
75	140	0.007689
75	150	0.007401
75	160	0.007404
75	170	0.007273
75	180	0.007161
80	0	0.009254
80	10	0.009042
80	20	0.008893
80	30	0.009354
80	40	0.009853
80	50	0.009816
80	60	0.009658
80	70	0.009825
80	80	0.009619
80	90	0.009163
80	100	0.009234
80	110	0.009014
80	120	0.008794
80	130	0.008258
80	140	0.008095
80	150	0.008192
80	160	0.007802
80	170	0.007381
80	180	0.007231
20	0
0	0	0.007542
5	0	0.007588
5	10	0.007660
5	20	0.007552
5	30	0.007396
5	40	0.007430
5	50	0.007379
5	60	0.007459
5	70	0.007430
5	80	0.007390
5	90	0.007293
5	100	0.007396
5	110	0.007481
5	120	0.007561
5	130	0.007502
5	140	0.007611
5	150	0.007706
5	160	0.007715
5	170	0.007771
5	180	0.007731
10	0	0.007637
10	10	0.007667
10	20	0.007571
10	30	0.007451
10	40	0.007566
10	50	0.007456
10	60	0.007080
10	70	0.007513
10	80	0.007449
10	90	0.007558
10	100	0.007526
10	110	0.007686
10	120	0.007531
10	130	0.007650
10	140	0.007564
15	0	0.007613
15	10	0.007575
15	20	0.007574
15	30	0.007525
15	40	0.007439
15	50	0.007448
15	60	0.007144
15	70	0.007462
15	80	0.007338
15	90	0.007400
15	100	0.007464
15	110	0.007472
15	120	0.007555
15	130	0.007579
15	140	0.007683
20	0	0.007695
20	10	0.007647
20	20	0.007606
20	30	0.007533
20	40	0.007384
20	50	0.007436
20	60	0.007399
20	70	0.007498
20	80	0.007452
20	90	0.007266
20	100	0.007486
20	110	0.007404
20	120	0.007300
20	130	0.007519
20	140	0.007770
25	0	0.007658
25	10	0.007302
25	20	0.006880
25	30	0.007511
25	40	0.007488
25	50	0.007370
25	60	0.007388
25	70	0.007435
25	80	0.007316
25	90	0.007161
25	100	0.006973
25	110	0.007252
25	120	0.007357
25	130	0.007419
25	140	0.007620
30	0	0.007443
30	10	0.006825
30	20	0.007245
30	30	0.007548
30	40	0.007449
30	50	0.007450
30	60	0.007439
30	70	0.007309
30	80	0.007342
30	90	0.007229
30	100	0.007349
30	110	0.007380
30	120	0.007339
30	130	0.007503
30	140	0.007546
35	0	0.007418
35	10	0.006975
35	20	0.007576
35	30	0.007644
35	40	0.007661
35	50	0.007571
35	60	0.007563
35	70	0.007476
35	80	0.007453
35	90	0.007393
35	100	0.007284
35	110	0.007349
35	120	0.007365
35	130	0.007443
35	140	0.007385
35	150	0.007690
35	160	0.007521
35	170	0.007391
35	180	0.007517
40	0	0.007673
40	10	0.007257
40	20	0.007733
40	30	0.007649
40	40	0.007579
40	50	0.007473
40	60	0.007603
40	70	0.007518
40	80	0.007445
40	90	0.007337
40	100	0.007358
40	110	0.007356
40	120	0.007408
40	130	0.007309
40	140	0.007489
40	150	0.007467
40	160	0.007130
40	170	0.007274
40	180	0.007432
45	0	0.007576
45	10	0.007261
45	20	0.007841
45	30	0.007793
45	40	0.007847
45	50	0.007716
45	60	0.007708
45	70	0.007606
45	80	0.007546
45	90	0.007395
45	100	0.007421
45	110	0.007464
45	120	0.007323
45	130	0.007323
45	140	0.007325
45	150	0.007554
45	160	0.007223
45	170	0.007299
45	180	0.007027
50	0	0.007718
50	10	0.007914
50	20	0.008016
50	30	0.008064
50	40	0.007984
50	50	0.007886
50	60	0.007934
50	70	0.007825
50	80	0.007774
50	90	0.007691
50	100	0.007643
50	110	0.007536
50	120	0.007406
50	130	0.007383
50	140	0.007383
50	150	0.007200
50	160	0.007030
50	170	0.007029
50	180	0.007275
55	0	0.008134
55	10	0.008015
55	20	0.008417
55	30	0.008303
55	40	0.008243
55	50	0.008284
55	60	0.008019
55	70	0.008071
55	80	0.007869
55	90	0.007681
55	100	0.007621
55	110	0.007525
55	120	0.007573
55	130	0.007314
55	140	0.007334
55	150	0.007140
55	160	0.006993
55	170	0.007042
55	180	0.006907
60	0	0.008590
60	10	0.008676
60	20	0.008624
60	30	0.008546
60	40	0.008561
60	50	0.008529
60	60	0.008343
60	70	0.008244
60	80	0.008108
60	90	0.007941
60	100	0.007819
60	110	0.007705
60	120	0.007492
60	130	0.007334
60	140	0.007223
60	150	0.007410
60	160	0.007026
60	170	0.007128
60	180	0.006861
65	0	0.009196
65	10	0.009132
65	20	0.009114
65	30	0.008955
65	40	0.008946
65	50	0.008763
65	60	0.008749
65	70	0.008740
65	80	0.008447
65	90	0.008181
65	100	0.007913
65	110	0.007841
65	120	0.007714
65	130	0.007524
65	140	0.007358
65	150	0.007337
65	160	0.007178
65	170	0.007149
65	180	0.007114
70	0	0.009801
70	10	0.009405
70	20	0.009376
70	30	0.009561
70	40	0.009421
70	50	0.009428
70	60	0.009131
70	70	0.009030
70	80	0.008708
70	90	0.008423
70	100	0.008080
70	110	0.007857
70	120	0.007504
70	130	0.007427
70	140	0.007275
70	150	0.007228
70	160	0.007210
70	170	0.007163
70	180	0.006901
75	0	0.010345
75	10	0.010174
75	20	0.010411
75	30	0.010347
75	40	0.010041
75	50	0.009918
75	60	0.009742
75	70	0.009527
75	80	0.009313
75	90	0.008871
75	100	0.008818
75	110	0.008129
75	120	0.007925
75	130	0.007526
75	140	0.007321
75	150	0.007297
75	160	0.007232
75	170	0.007108
75	180	0.006955
80	0	0.011583
80	10	0.011040
80	20	0.011150
80	30	0.010805
80	40	0.011348
80	50	0.010574
80	60	0.010240
80	70	0.010011
80	80	0.009461
80	90	0.009242
80	100	0.009001
80	110	0.008693
80	120	0.007930
80	130	0.008019
80	140	0.007720
80	150	0.007546
80	160	0.007413
80	170	0.007374
80	180	0.006723
30	0
0	0	0.007241
5	0	0.007444
5	10	0.007521
5	20	0.007328
5	30	0.007117
5	40	0.007141
5	50	0.007100
5	60	0.007238
5	70	0.007119
5	80	0.007123
5	90	0.007094
5	100	0.007092
5	110	0.007116
5	120	0.007175
5	130	0.007164
5	140	0.007229
5	150	0.007301
5	160	0.007308
5	170	0.007502
5	180	0.007448
10	0	0.007589
10	10	0.007501
10	20	0.007511
10	30	0.007267
10	40	0.007295
10	50	0.007246
10	60	0.006838
10	70	0.007008
10	80	0.007249
10	90	0.007198
10	100	0.007053
10	110	0.007323
10	120	0.007207
10	130	0.007257
10	140	0.007249
10	150	0.007297
10	160	0.007425
10	170	0.007563
10	180	0.007399
15	0	0.007547
15	10	0.007598
15	20	0.007463
15	30	0.007455
15	40	0.007379
15	50	0.007299
15	60	0.006970
15	70	0.007271
15	80	0.007044
15	90	0.007096
15	100	0.007204
15	110	0.007278
15	120	0.007253
15	130	0.007312
15	140	0.007273
15	150	0.007416
15	160	0.007550
15	170	0.007324
15	180	0.007494
20	0	0.007710
20	10	0.007584
20	20	0.007492
20	30	0.007560
20	40	0.007288
20	50	0.007342
20	60	0.007164
20	70	0.007170
20	80	0.007194
20	90	0.007138
20	100	0.007216
20	110	0.007126
20	120	0.007077
20	130	0.007136
20	140	0.007469
25	0	0.007365
25	10	0.006966
25	20	0.006760
25	30	0.007500
25	40	0.007431
25	50	0.007356
25	60	0.007293
25	70	0.007083
25	80	0.007182
25	90	0.006820
25	100	0.006729
25	110	0.007084
25	120	0.007202
25	130	0.007370
25	140	0.007486
30	0	0.007739
30	10	0.007059
30	20	0.007425
30	30	0.007649
30	40	0.007589
30	50	0.007418
30	60	0.007393
30	70	0.007333
30	80	0.007191
30	90	0.007140
30	100	0.007202
30	110	0.007204
30	120	0.007215
30	130	0.007377
30	140	0.007478
35	0	0.007826
35	10	0.007191
35	20	0.007982
35	30	0.007915
35	40	0.007727
35	50	0.007549
35	60	0.007480
35	70	0.007373
35	80	0.007323
35	90	0.007332
35	100	0.007206
35	110	0.007204
35	120	0.007288
35	130	0.007406
35	140	0.007388
40	0	0.007868
40	10	0.007457
40	20	0.008146
40	30	0.008073
40	40	0.007911
40	50	0.007766
40	60	0.007625
40	70	0.007447
40	80	0.007290
40	90	0.007243
40	100	0.007282
40	110	0.007239
40	120	0.007234
40	130	0.007242
40	140	0.007398
45	0	0.008260
45	10	0.007997
45	20	0.008407
45	30	0.008323
45	40	0.008117
45	50	0.008024
45	60	0.007822
45	70	0.007742
45	80	0.007519
45	90	0.007515
45	100	0.007259
45	110	0.007240
45	120	0.007241
45	130	0.007294
45	140	0.007354
45	150	0.007532
45	160	0.007279
45	170	0.007484
45	180	0.007268
50	0	0.008716
50	10	0.008750
50	20	0.008819
50	30	0.008594
50	40	0.008468
50	50	0.008255
50	60	0.008006
50	70	0.007852
50	80	0.007739
50	90	0.007582
50	100	0.007453
50	110	0.007334
50	120	0.007402
50	130	0.007411
50	140	0.007374
50	150	0.007285
50	160	0.007266
50	170	0.007299
50	180	0.007539
55	0	0.009245
55	10	0.009233
55	20	0.009280
55	30	0.009346
55	40	0.008754
55	50	0.008547
55	60	0.008361
55	70	0.008164
55	80	0.007829
55	90	0.007629
55	100	0.007600
55	110	0.007655
55	120	0.007472
55	130	0.007435
55	140	0.007359
55	150	0.007196
55	160	0.007259
55	170	0.007166
55	180	0.007106
60	0	0.010236
60	10	0.010272
60	20	0.010016
60	30	0.009694
60	40	0.009332
60	50	0.009044
60	60	0.008804
60	70	0.008400
60	80	0.008275
60	90	0.008018
60	100	0.007728
60	110	0.007612
60	120	0.007357
60	130	0.007351
60	140	0.007299
60	150	0.007435
60	160	0.007071
60	170	0.007292
60	180	0.007063
65	0	0.011407
65	10	0.011224
65	20	0.010826
65	30	0.010434
65	40	0.009933
65	50	0.009594
65	60	0.009333
65	70	0.008856
65	80	0.008444
65	90	0.008097
65	100	0.007980
65	110	0.007739
65	120	0.007609
65	130	0.007413
65	140	0.007349
65	150	0.007316
65	160	0.007328
65	170	0.007335
65	180	0.007274
70	0	0.012624
70	10	0.012314
70	20	0.012003
70	30	0.011445
70	40	0.010852
70	50	0.010414
70	60	0.009922
70	70	0.009335
70	80	0.008781
70	90	0.008432
70	100	0.008142
70	110	0.007912
70	120	0.007712
70	130	0.007552
70	140	0.007411
70	150	0.007282
70	160	0.007283
70	170	0.007317
70	180	0.007224
75	0	0.014434
75	10	0.014002
75	20	0.013321
75	30	0.012425
75	40	0.012051
75	50	0.011019
75	60	0.010365
75	70	0.009760
75	80	0.009552
75	90	0.008850
75	100	0.008436
75	110	0.008003
75	120	0.007808
75	130	0.007493
75	140	0.007495
75	150	0.007256
75	160	0.007361
75	170	0.007208
75	180	0.007302
80	0	0.016424
80	10	0.016204
80	20	0.014765
80	30	0.014194
80	40	0.012875
80	50	0.012198
80	60	0.011111
80	70	0.010292
80	80	0.010164
80	90	0.009395
80	100	0.008795
80	110	0.008817
80	120	0.007877
80	130	0.007658
80	140	0.007555
80	150	0.007589
80	160	0.007350
80	170	0.007599
80	180	0.006998
40	0
0	0	0.007140
5	0	0.007237
5	10	0.007389
5	20	0.007249
5	30	0.007110
5	40	0.007168
5	50	0.007014
5	60	0.007086
5	70	0.007046
5	80	0.007010
5	90	0.007061
5	100	0.007016
5	110	0.007058
5	120	0.007138
5	130	0.007027
5	140	0.007116
5	150	0.007184
5	160	0.007194
5	170	0.007326
5	180	0.007303
10	0	0.007565
10	10	0.007434
10	20	0.007409
10	30	0.007250
10	40	0.007272
10	50	0.007210
10	60	0.006895
10	70	0.007272
10	80	0.007081
10	90	0.007009
10	100	0.007272
10	110	0.007079
10	120	0.007083
10	130	0.007161
10	140	0.007111
10	150	0.007204
10	160	0.007210
10	170	0.007315
10	180	0.007172
15	0	0.007617
15	10	0.007563
15	20	0.007477
15	30	0.007412
15	40	0.007327
15	50	0.007319
15	60	0.006786
15	70	0.007080
15	80	0.007255
15	90	0.007100
15	100	0.007051
15	110	0.007313
15	120	0.007119
15	130	0.007251
15	140	0.007254
15	150	0.007231
15	160	0.007317
15	170	0.007218
15	180	0.007304
20	0	0.007911
20	10	0.007863
20	20	0.007675
20	30	0.007566
20	40	0.007328
20	50	0.007361
20	60	0.007345
20	70	0.007296
20	80	0.007145
20	90	0.007079
20	100	0.007235
20	110	0.007173
20	120	0.007023
20	130	0.007160
20	140	0.007238
20	150	0.007288
20	160	0.007424
20	170	0.007223
20	180	0.007430
25	0	0.007890
25	10	0.007513
25	20	0.007088
25	30	0.007680
25	40	0.007554
25	50	0.007370
25	60	0.007407
25	70	0.007209
25	80	0.007115
25	90	0.006939
25	100	0.006838
25	110	0.006979
25	120	0.007139
25	130	0.007293
25	140	0.007460
25	150	0.007718
25	160	0.007400
25	170	0.007690
25	180	0.007563
30	0	0.007946
30	10	0.007629
30	20	0.007818
30	30	0.007927
30	40	0.007801
30	50	0.007552
30	60	0.007507
30	70	0.007353
30	80	0.007270
30	90	0.007235
30	100	0.007108
30	110	0.007219
30	120	0.007172
30	130	0.007459
30	140	0.007458
35	0	0.008551
35	10	0.007929
35	20	0.008415
35	30	0.008275
35	40	0.008062
35	50	0.007922
35	60	0.007648
35	70	0.007546
35	80	0.007310
35	90	0.007338
35	100	0.007247
35	110	0.007232
35	120	0.007319
35	130	0.007349
35	140	0.007416
40	0	0.009185
40	10	0.008450
40	20	0.008858
40	30	0.008669
40	40	0.008444
40	50	0.008000
40	60	0.007814
40	70	0.007565
40	80	0.007434
40	90	0.007389
40	100	0.007268
40	110	0.007320
40	120	0.007447
40	130	0.007526
40	140	0.007558
45	0	0.009564
45	10	0.009330
45	20	0.009425
45	30	0.009175
45	40	0.008803
45	50	0.008467
45	60	0.008126
45	70	0.007867
45	80	0.007666
45	90	0.007505
45	100	0.007467
45	110	0.007365
45	120	0.007276
45	130	0.007512
45	140	0.007534
50	0	0.010520
50	10	0.010317
50	20	0.010199
50	30	0.009846
50	40	0.009339
50	50	0.008903
50	60	0.008535
50	70	0.008090
50	80	0.007852
50	90	0.007667
50	100	0.007490
50	110	0.007525
50	120	0.007506
50	130	0.007547
50	140	0.007636
55	0	0.011883
55	10	0.011494
55	20	0.011143
55	30	0.010676
55	40	0.010051
55	50	0.009378
55	60	0.008963
55	70	0.008442
55	80	0.008172
55	90	0.007885
55	100	0.007764
55	110	0.007577
55	120	0.007514
55	130	0.007587
55	140	0.007692
55	150	0.007657
55	160	0.007740
55	170	0.007805
55	180	0.007834
60	0	0.013655
60	10	0.013414
60	20	0.012633
60	30	0.011740
60	40	0.010761
60	50	0.010086
60	60	0.009418
60	70	0.008942
60	80	0.008491
60	90	0.008048
60	100	0.007816
60	110	0.007625
60	120	0.007657
60	130	0.007596
60	140	0.007634
60	150	0.007727
60	160	0.007512
60	170	0.007814
60	180	0.007706
65	0	0.015763
65	10	0.015415
65	20	0.013884
65	30	0.012793
65	40	0.011862
65	50	0.010842
65	60	0.009839
65	70	0.009260
65	80	0.008833
65	90	0.008519
65	100	0.008050
65	110	0.007901
65	120	0.007803
65	130	0.007633
65	140	0.007608
65	150	0.007829
65	160	0.007777
65	170	0.007799
65	180	0.007898
70	0	0.018943
70	10	0.017802
70	20	0.016382
70	30	0.014680
70	40	0.013099
70	50	0.011773
70	60	0.010684
70	70	0.009726
70	80	0.009060
70	90	0.008488
70	100	0.008361
70	110	0.007816
70	120	0.007688
70	130	0.007731
70	140	0.007652
70	150	0.007719
70	160	0.007744
70	170	0.007769
70	180	0.007712
75	0	0.022496
75	10	0.021470
75	20	0.019115
75	30	0.016963
75	40	0.014425
75	50	0.012520
75	60	0.011310
75	70	0.010497
75	80	0.009702
75	90	0.009015
75	100	0.008383
75	110	0.008407
75	120	0.007797
75	130	0.007728
75	140	0.007720
75	150	0.007711
75	160	0.007724
75	170	0.007777
75	180	0.007493
80	0	0.028097
80	10	0.026139
80	20	0.022863
80	30	0.019309
80	40	0.016384
80	50	0.014426
80	60	0.012434
80	70	0.010950
80	80	0.010228
80	90	0.009307
80	100	0.009000
80	110	0.008566
80	120	0.008076
80	130	0.007974
80	140	0.007733
80	150	0.007881
80	160	0.007818
80	170	0.007867
80	180	0.007497
50	0
0	0	0.007008
5	0	0.007337
5	10	0.007418
5	20	0.007191
5	30	0.006995
5	40	0.007026
5	50	0.006991
5	60	0.007062
5	70	0.006983
5	80	0.006953
5	90	0.006940
5	100	0.006926
5	110	0.006952
5	120	0.007070
5	130	0.006978
5	140	0.007012
5	150	0.007092
5	160	0.007112
5	170	0.007232
5	180	0.007192
10	0	0.007528
10	10	0.007559
10	20	0.007470
10	30	0.007311
10	40	0.007328
10	50	0.007172
10	60	0.006738
10	70	0.007076
10	80	0.007195
10	90	0.006886
10	100	0.007157
10	110	0.007128
10	120	0.007040
10	130	0.007088
10	140	0.006963
10	150	0.007101
10	160	0.007059
10	170	0.007115
10	180	0.007050
15	0	0.007715
15	10	0.007669
15	20	0.007631
15	30	0.007592
15	40	0.007402
15	50	0.007305
15	60	0.007030
15	70	0.007181
15	80	0.007160
15	90	0.007130
15	100	0.006918
15	110	0.006962
15	120	0.007035
15	130	0.006982
15	140	0.007119
15	150	0.007045
15	160	0.007109
15	170	0.006991
15	180	0.007196
20	0	0.008169
20	10	0.008071
20	20	0.007936
20	30	0.007782
20	40	0.007514
20	50	0.007506
20	60	0.007279
20	70	0.007364
20	80	0.007140
20	90	0.007149
20	100	0.007185
20	110	0.007169
20	120	0.006951
20	130	0.006954
20	140	0.007111
20	150	0.007137
20	160	0.007170
20	170	0.007064
20	180	0.007147
25	0	0.008389
25	10	0.007950
25	20	0.007479
25	30	0.008097
25	40	0.007846
25	50	0.007600
25	60	0.007478
25	70	0.007379
25	80	0.007323
25	90	0.006842
25	100	0.006793
25	110	0.006977
25	120	0.007114
25	130	0.007233
25	140	0.007298
25	150	0.007460
25	160	0.006972
25	170	0.007158
25	180	0.007293
30	0	0.008601
30	10	0.008301
30	20	0.008403
30	30	0.008424
30	40	0.008173
30	50	0.007887
30	60	0.007827
30	70	0.007473
30	80	0.007369
30	90	0.007281
30	100	0.007154
30	110	0.007157
30	120	0.007143
30	130	0.007187
30	140	0.007395
30	150	0.007472
30	160	0.007353
30	170	0.007419
30	180	0.007357
35	0	0.009528
35	10	0.008741
35	20	0.009435
35	30	0.008915
35	40	0.008642
35	50	0.008273
35	60	0.007888
35	70	0.007721
35	80	0.007502
35	90	0.007371
35	100	0.007370
35	110	0.007335
35	120	0.007282
35	130	0.007409
35	140	0.007375
35	150	0.007702
35	160	0.007568
35	170	0.007587
35	180	0.007601
40	0	0.010517
40	10	0.009702
40	20	0.010047
40	30	0.009671
40	40	0.009180
40	50	0.008704
40	60	0.008202
40	70	0.007986
40	80	0.007736
40	90	0.007500
40	100	0.007335
40	110	0.007408
40	120	0.007492
40	130	0.007479
40	140	0.007600
45	0	0.011556
45	10	0.011430
45	20	0.011181
45	30	0.010476
45	40	0.009883
45	50	0.009080
45	60	0.008678
45	70	0.008037
45	80	0.007899
45	90	0.007708
45	100	0.007593
45	110	0.007493
45	120	0.007518
45	130	0.007580
45	140	0.007810
50	0	0.013677
50	10	0.013291
50	20	0.012769
50	30	0.011752
50	40	0.010693
50	50	0.009666
50	60	0.009061
50	70	0.008667
50	80	0.008066
50	90	0.007783
50	100	0.007752
50	110	0.007782
50	120	0.007687
50	130	0.007777
50	140	0.007834
55	0	0.016394
55	10	0.015802
55	20	0.014522
55	30	0.013204
55	40	0.011699
55	50	0.010572
55	60	0.009664
55	70	0.008996
55	80	0.008357
55	90	0.008216
55	100	0.007812
55	110	0.007706
55	120	0.007830
55	130	0.007947
55	140	0.008062
60	0	0.020272
60	10	0.019267
60	20	0.017163
60	30	0.015034
60	40	0.013022
60	50	0.011454
60	60	0.010357
60	70	0.009443
60	80	0.008843
60	90	0.008493
60	100	0.008210
60	110	0.007975
60	120	0.007942
60	130	0.007993
60	140	0.008129
65	0	0.025985
65	10	0.023858
65	20	0.020874
65	30	0.017358
65	40	0.014739
65	50	0.012439
65	60	0.010881
65	70	0.009870
65	80	0.009372
65	90	0.008619
65	100	0.008462
65	110	0.008232
65	120	0.008075
65	130	0.007963
65	140	0.008329
65	150	0.008458
65	160	0.008504
65	170	0.008776
65	180	0.008838
70	0	0.033412
70	10	0.030912
70	20	0.025333
70	30	0.020031
70	40	0.016160
70	50	0.013702
70	60	0.011880
70	70	0.010602
70	80	0.009552
70	90	0.008968
70	100	0.008618
70	110	0.008224
70	120	0.008057
70	130	0.008046
70	140	0.008146
70	150	0.008371
70	160	0.008666
70	170	0.008665
70	180	0.008716
75	0	0.044590
75	10	0.038900
75	20	0.030553
75	30	0.023788
75	40	0.018506
75	50	0.015106
75	60	0.012759
75	70	0.011057
75	80	0.010273
75	90	0.009630
75	100	0.008934
75	110	0.008618
75	120	0.008397
75	130	0.008431
75	140	0.008218
75	150	0.008454
75	160	0.008563
75	170	0.008698
75	180	0.008615
80	0	0.059510
80	10	0.051610
80	20	0.037561
80	30	0.027487
80	40	0.021057
80	50	0.016470
80	60	0.013809
80	70	0.012158
80	80	0.011218
80	90	0.010151
80	100	0.009288
80	110	0.008968
80	120	0.008352
80	130	0.008849
80	140	0.008617
80	150	0.008532
80	160	0.008495
80	170	0.008626
80	180	0.008368
60	0
0	0	0.006978
5	0	0.007235
5	10	0.007397
5	20	0.007212
5	30	0.007039
5	40	0.007035
5	50	0.006947
5	60	0.007047
5	70	0.006986
5	80	0.006898
5	90	0.006914
5	100	0.006932
5	110	0.006915
5	120	0.006932
5	130	0.006895
5	140	0.006885
5	150	0.006905
5	160	0.006905
5	170	0.007101
5	180	0.007021
10	0	0.007586
10	10	0.007585
10	20	0.007497
10	30	0.007352
10	40	0.007346
10	50	0.007325
10	60	0.006752
10	70	0.007071
10	80	0.007186
10	90	0.006980
10	100	0.007002
10	110	0.006909
10	120	0.006921
10	130	0.006813
10	140	0.006839
10	150	0.006874
10	160	0.006894
10	170	0.006926
10	180	0.006975
15	0	0.007919
15	10	0.007998
15	20	0.007903
15	30	0.007764
15	40	0.007528
15	50	0.007448
15	60	0.007137
15	70	0.007312
15	80	0.007196
15	90	0.007084
15	100	0.007026
15	110	0.007134
15	120	0.006852
15	130	0.006907
15	140	0.007035
15	150	0.006884
15	160	0.006841
15	170	0.006807
15	180	0.006962
20	0	0.008548
20	10	0.008443
20	20	0.008308
20	30	0.008056
20	40	0.007799
20	50	0.007681
20	60	0.007383
20	70	0.007355
20	80	0.007158
20	90	0.007143
20	100	0.007159
20	110	0.006955
20	120	0.006774
20	130	0.006970
20	140	0.006868
20	150	0.006870
20	160	0.006936
20	170	0.006775
20	180	0.006847
25	0	0.008902
25	10	0.008657
25	20	0.008050
25	30	0.008512
25	40	0.008254
25	50	0.007908
25	60	0.007714
25	70	0.007448
25	80	0.007300
25	90	0.006872
25	100	0.006724
25	110	0.006830
25	120	0.006920
25	130	0.007082
25	140	0.007050
25	150	0.007335
25	160	0.007017
25	170	0.007044
25	180	0.007109
30	0	0.010054
30	10	0.009123
30	20	0.009436
30	30	0.009326
30	40	0.008834
30	50	0.008288
30	60	0.008016
30	70	0.007719
30	80	0.007487
30	90	0.007296
30	100	0.007163
30	110	0.007167
30	120	0.007113
30	130	0.007068
30	140	0.007250
30	150	0.007278
30	160	0.007000
30	170	0.007202
30	180	0.007079
35	0	0.011077
35	10	0.010575
35	20	0.010606
35	30	0.010022
35	40	0.009433
35	50	0.008790
35	60	0.008241
35	70	0.007915
35	80	0.007620
35	90	0.007459
35	100	0.007321
35	110	0.007230
35	120	0.007171
35	130	0.007270
35	140	0.007343
35	150	0.007565
35	160	0.007298
35	170	0.007416
35	180	0.007370
40	0	0.013195
40	10	0.012381
40	20	0.012200
40	30	0.011181
40	40	0.010238
40	50	0.009387
40	60	0.008717
40	70	0.008291
40	80	0.007798
40	90	0.007528
40	100	0.007398
40	110	0.007379
40	120	0.007386
40	130	0.007428
40	140	0.007460
40	150	0.007681
40	160	0.007656
40	170	0.007770
40	180	0.007893
45	0	0.015679
45	10	0.014979
45	20	0.014271
45	30	0.012710
45	40	0.011152
45	50	0.010038
45	60	0.009079
45	70	0.008490
45	80	0.008088
45	90	0.007776
45	100	0.007621
45	110	0.007538
45	120	0.007498
45	130	0.007555
45	140	0.007751
45	150	0.007876
45	160	0.007797
45	170	0.008128
45	180	0.008159
50	0	0.019900
50	10	0.018799
50	20	0.016907
50	30	0.014603
50	40	0.012411
50	50	0.010845
50	60	0.009787
50	70	0.009010
50	80	0.008318
50	90	0.008127
50	100	0.007939
50	110	0.007708
50	120	0.007765
50	130	0.007830
50	140	0.007906
55	0	0.026053
55	10	0.024232
55	20	0.020856
55	30	0.017030
55	40	0.014013
55	50	0.011898
55	60	0.010433
55	70	0.009411
55	80	0.008812
55	90	0.008314
55	100	0.008076
55	110	0.008048
55	120	0.008006
55	130	0.008106
55	140	0.008222
60	0	0.035485
60	10	0.032080
60	20	0.025721
60	30	0.020187
60	40	0.015802
60	50	0.012983
60	60	0.011055
60	70	0.010016
60	80	0.009268
60	90	0.008640
60	100	0.008419
60	110	0.008146
60	120	0.008179
60	130	0.008247
60	140	0.008526
65	0	0.049982
65	10	0.043252
65	20	0.032618
65	30	0.023791
65	40	0.017711
65	50	0.014323
65	60	0.011982
65	70	0.010462
65	80	0.009626
65	90	0.009086
65	100	0.008598
65	110	0.008564
65	120	0.008403
65	130	0.008617
65	140	0.008737
70	0	0.073186
70	10	0.060039
70	20	0.040759
70	30	0.028663
70	40	0.020636
70	50	0.015640
70	60	0.012995
70	70	0.011112
70	80	0.010093
70	90	0.009502
70	100	0.008960
70	110	0.008583
70	120	0.008764
70	130	0.008662
70	140	0.009035
75	0	0.107639
75	10	0.082665
75	20	0.051772
75	30	0.033049
75	40	0.022839
75	50	0.017194
75	60	0.013963
75	70	0.012188
75	80	0.010564
75	90	0.009734
75	100	0.009348
75	110	0.009226
75	120	0.008787
75	130	0.008994
75	140	0.009098
75	150	0.009296
75	160	0.009871
75	170	0.010073
75	180	0.009796
80	0	0.160510
80	10	0.112975
80	20	0.064506
80	30	0.038994
80	40	0.025778
80	50	0.019078
80	60	0.015269
80	70	0.012726
80	80	0.011383
80	90	0.010531
80	100	0.009812
80	110	0.009550
80	120	0.009247
80	130	0.009065
80	140	0.009394
80	150	0.009691
80	160	0.009980
80	170	0.010047
80	180	0.010329
70	0
0	0	0.006951
5	0	0.007295
5	10	0.007408
5	20	0.007253
5	30	0.007067
5	40	0.007102
5	50	0.007019
5	60	0.007062
5	70	0.006990
5	80	0.006932
5	90	0.006863
5	100	0.006813
5	110	0.006815
5	120	0.006808
5	130	0.006711
5	140	0.006752
5	150	0.006775
5	160	0.006769
5	170	0.006912
5	180	0.006819
10	0	0.007837
10	10	0.007822
10	20	0.007722
10	30	0.007486
10	40	0.007484
10	50	0.007339
10	60	0.006706
10	70	0.007028
10	80	0.007048
10	90	0.006951
10	100	0.007017
10	110	0.006756
10	120	0.006801
10	130	0.006659
10	140	0.006638
10	150	0.006699
10	160	0.006705
10	170	0.006783
10	180	0.006734
15	0	0.008406
15	10	0.008346
15	20	0.008187
15	30	0.008012
15	40	0.007803
15	50	0.007618
15	60	0.007179
15	70	0.007370
15	80	0.007231
15	90	0.007071
15	100	0.006847
15	110	0.006965
15	120	0.006727
15	130	0.006650
15	140	0.006687
15	150	0.006637
15	160	0.006643
15	170	0.006531
15	180	0.006620
20	0	0.009186
20	10	0.009196
20	20	0.008947
20	30	0.008594
20	40	0.008236
20	50	0.007971
20	60	0.007712
20	70	0.007482
20	80	0.007219
20	90	0.007026
20	100	0.006968
20	110	0.006838
20	120	0.006573
20	130	0.006721
20	140	0.006736
20	150	0.006566
20	160	0.006670
20	170	0.006491
20	180	0.006520
25	0	0.010090
25	10	0.009778
25	20	0.009044
25	30	0.009384
25	40	0.008866
25	50	0.008440
25	60	0.007974
25	70	0.007646
25	80	0.007417
25	90	0.006966
25	100	0.006681
25	110	0.006772
25	120	0.006820
25	130	0.006763
25	140	0.006822
25	150	0.006915
25	160	0.006742
25	170	0.006557
25	180	0.006722
30	0	0.011738
30	10	0.010854
30	20	0.010938
30	30	0.010558
30	40	0.009709
30	50	0.008945
30	60	0.008392
30	70	0.007913
30	80	0.007493
30	90	0.007157
30	100	0.007028
30	110	0.006963
30	120	0.006792
30	130	0.006921
30	140	0.006882
30	150	0.006822
30	160	0.006594
30	170	0.006774
30	180	0.006548
35	0	0.014156
35	10	0.013086
35	20	0.012956
35	30	0.011830
35	40	0.010543
35	50	0.009675
35	60	0.008775
35	70	0.008160
35	80	0.007818
35	90	0.007527
35	100	0.007262
35	110	0.007053
35	120	0.007014
35	130	0.006971
35	140	0.007047
35	150	0.007202
35	160	0.006847
35	170	0.007031
35	180	0.007059
40	0	0.017897
40	10	0.016687
40	20	0.015576
40	30	0.013599
40	40	0.011875
40	50	0.010419
40	60	0.009393
40	70	0.008570
40	80	0.008014
40	90	0.007642
40	100	0.007376
40	110	0.007296
40	120	0.007211
40	130	0.007159
40	140	0.007280
40	150	0.007417
40	160	0.007265
40	170	0.007222
40	180	0.007425
45	0	0.023350
45	10	0.021711
45	20	0.019183
45	30	0.016065
45	40	0.013333
45	50	0.011350
45	60	0.009835
45	70	0.008921
45	80	0.008291
45	90	0.007811
45	100	0.007633
45	110	0.007410
45	120	0.007353
45	130	0.007451
45	140	0.007487
45	150	0.007632
45	160	0.007547
45	170	0.007592
45	180	0.007556
50	0	0.032249
50	10	0.029375
50	20	0.024239
50	30	0.019114
50	40	0.015045
50	50	0.012456
50	60	0.010691
50	70	0.009453
50	80	0.008686
50	90	0.008323
50	100	0.007871
50	110	0.007767
50	120	0.007713
50	130	0.007678
50	140	0.007894
50	150	0.007704
50	160	0.007928
50	170	0.008252
50	180	0.008366
55	0	0.046307
55	10	0.040512
55	20	0.031145
55	30	0.022736
55	40	0.017124
55	50	0.013489
55	60	0.011471
55	70	0.010061
55	80	0.009181
55	90	0.008487
55	100	0.008074
55	110	0.008032
55	120	0.008012
55	130	0.008091
55	140	0.008322
55	150	0.008277
55	160	0.008534
55	170	0.008877
55	180	0.009017
60	0	0.071320
60	10	0.058751
60	20	0.040122
60	30	0.027090
60	40	0.019518
60	50	0.014969
60	60	0.012239
60	70	0.010639
60	80	0.009503
60	90	0.008978
60	100	0.008563
60	110	0.008396
60	120	0.008353
60	130	0.008491
60	140	0.008646
65	0	0.115246
65	10	0.085795
65	20	0.052227
65	30	0.032871
65	40	0.022127
65	50	0.016489
65	60	0.013283
65	70	0.011191
65	80	0.010194
65	90	0.009353
65	100	0.008915
65	110	0.008882
65	120	0.008879
65	130	0.008993
65	140	0.009374
70	0	0.196340
70	10	0.127493
70	20	0.067604
70	30	0.038609
70	40	0.024971
70	50	0.018379
70	60	0.014395
70	70	0.012319
70	80	0.010749
70	90	0.009931
70	100	0.009461
70	110	0.009282
70	120	0.009344
70	130	0.009527
70	140	0.009743
75	0	0.347590
75	10	0.185321
75	20	0.085315
75	30	0.045534
75	40	0.028279
75	50	0.019828
75	60	0.015449
75	70	0.012937
75	80	0.011636
75	90	0.010755
75	100	0.009876
75	110	0.009704
75	120	0.009582
75	130	0.009900
75	140	0.010382
80	0	0.620519
80	10	0.265356
80	20	0.104357
80	30	0.051757
80	40	0.030876
80	50	0.021573
80	60	0.016650
80	70	0.014102
80	80	0.012359
80	90	0.011379
80	100	0.010659
80	110	0.010655
80	120	0.010401
80	130	0.010727
80	140	0.011122
