type bsdf_data
format angles=deg bsdf=value scale=1
0	0
0	0	18.676109
5	40	18.053206
5	50	15.960312
5	60	18.244922
5	70	16.391672
5	80	18.356756
5	90	17.589894
5	100	18.867997
5	110	19.826574
5	120	17.621846
5	130	18.852021
5	140	16.040194
10	40	15.159033
10	50	17.437737
10	60	40.774244
10	70	48.547693
10	80	46.705337
10	90	40.273253
10	100	41.986321
10	110	37.832939
10	120	16.597364
10	130	31.109956
10	140	20.653779
15	0	8.930497
15	10	8.075344
15	20	7.167465
15	30	8.798682
15	40	18.239964
15	50	17.663271
15	60	43.894547
15	70	43.911024
15	80	39.725883
15	90	46.267225
15	100	39.973037
15	110	44.537147
15	120	17.383163
15	130	43.400239
15	140	42.312762
15	150	19.739365
15	160	10.350809
15	170	12.420311
15	180	11.627771
20	0	14.713098
20	10	17.350176
20	20	4.000499
20	30	4.645796
20	40	15.039981
20	50	15.175476
20	60	39.598508
20	70	36.109503
20	80	37.752384
20	90	41.546253
20	100	41.935802
20	110	41.512379
20	120	15.107728
20	130	40.326795
20	140	34.060136
20	150	18.698354
20	160	24.118167
20	170	23.017268
20	180	25.337625
25	0	83.413823
25	10	67.082275
25	20	34.629907
25	30	4.372640
25	40	3.961717
25	50	4.269032
25	60	20.572483
25	70	24.737906
25	80	26.441304
25	90	40.389851
25	100	62.340858
25	110	54.087279
25	120	45.131269
25	130	20.827115
25	140	25.826676
25	150	37.177980
25	160	70.770044
25	170	71.472476
25	180	66.555451
30	0	63.954152
30	10	70.202546
30	20	12.717320
30	30	4.006323
30	40	4.241557
30	50	4.002648
30	60	21.805058
30	70	21.674576
30	80	19.235865
30	90	20.838394
30	100	17.918189
30	110	22.729452
30	120	4.565003
30	130	19.520718
30	140	19.425155
30	150	43.338127
30	160	61.197507
30	170	67.813454
30	180	69.099888
35	0	71.305278
35	10	69.362355
35	20	3.674067
35	30	3.369028
35	40	3.343770
35	50	3.100905
35	60	17.929294
35	70	19.407859
35	80	15.531727
35	90	18.669548
35	100	16.782970
35	110	16.689709
35	120	9.831191
35	130	18.692863
35	140	14.977994
35	150	32.575049
35	160	68.002308
35	170	74.413955
35	180	58.676277
40	0	60.874273
40	10	54.018126
40	20	3.644146
40	30	4.153163
40	40	3.625447
40	50	4.157318
40	60	13.926288
40	70	15.046126
40	80	16.938838
40	90	13.315468
40	100	17.219316
40	110	13.550239
40	120	15.339070
40	130	13.303002
40	140	17.343973
40	150	34.415779
40	160	57.550080
40	170	55.056936
40	180	54.225888
45	0	54.334089
45	10	55.594532
45	20	6.426008
45	30	8.555256
45	40	8.676798
45	50	7.830501
45	60	20.362904
45	70	15.330136
45	80	18.553268
45	90	17.785749
45	100	16.635595
45	110	19.665159
45	120	18.848122
45	130	16.399262
45	140	16.824661
45	150	41.009408
45	160	49.224794
45	170	51.295522
45	180	61.446588
50	0	68.436954
50	10	35.159361
50	20	12.852975
50	30	12.679654
50	40	12.850499
50	50	11.295564
50	60	20.877728
50	70	22.722356
50	80	19.389645
50	90	24.066830
50	100	19.607534
50	110	21.568535
50	120	19.909607
50	130	25.034951
50	140	21.697287
50	150	53.283765
50	160	51.352476
50	170	53.977048
50	180	46.227132
55	0	54.135992
55	10	31.160799
55	20	13.207961
55	30	14.029296
55	40	12.633581
55	50	15.189155
55	60	21.890253
55	70	25.428100
55	80	22.500705
55	90	19.452607
55	100	24.635900
55	110	25.084027
55	120	20.484271
55	130	20.250968
55	140	26.895404
55	150	59.546816
55	160	42.898126
55	170	40.983526
55	180	42.037943
60	0	48.001131
60	10	33.167890
60	20	11.150395
60	30	14.126593
60	40	13.894226
60	50	12.258114
60	60	22.771889
60	70	18.560649
60	80	22.421748
60	90	19.947207
60	100	20.621706
60	110	18.138921
60	120	22.537295
60	130	18.270987
60	140	18.676832
60	150	47.650990
60	160	37.783383
60	170	39.756905
60	180	43.226482
65	0	50.840011
65	10	24.365546
65	20	8.931008
65	30	8.266209
65	40	7.971714
65	50	7.422265
65	60	14.244618
65	70	14.930393
65	80	14.432914
65	90	17.850493
65	100	13.858610
65	110	15.139026
65	120	16.042848
65	130	18.114108
65	140	15.747976
65	150	44.249640
65	160	40.784987
65	170	38.789046
65	180	28.734021
70	0	36.808230
70	10	7.505901
70	20	3.533311
70	30	9.069436
70	40	8.203907
70	50	9.990805
70	60	16.240293
70	70	17.775908
70	80	14.285874
70	90	14.472009
70	100	15.914557
70	110	17.310571
70	120	15.588820
70	130	14.192806
70	140	30.758837
70	150	33.643932
70	160	40.437865
70	170	37.599304
70	180	13.238398
75	0	40.216257
75	10	3.743063
75	20	3.582567
75	30	12.446132
75	40	11.468397
75	50	9.223912
75	60	16.480056
75	70	14.020346
75	80	16.172593
75	90	12.446132
75	100	14.942738
75	110	13.171746
75	120	14.020346
75	130	12.058728
75	140	32.222200
75	150	48.579271
75	160	42.061039
75	170	46.795981
75	180	0.000000
80	0	57.008588
80	10	7.420282
80	20	5.746686
80	30	14.829565
80	40	12.125782
80	50	10.980111
80	60	13.537248
80	70	13.509752
80	80	14.041343
80	90	12.987326
80	100	12.996491
80	110	12.098285
80	120	12.675704
80	130	12.345750
80	140	39.511901
80	150	60.216467
80	160	58.566701
80	170	44.726995
80	180	0.000000
10	0
0	0	19.972498
5	0	14.861144
5	10	11.897542
5	20	12.260204
5	30	21.200535
5	40	17.222439
5	50	19.858527
5	60	18.995807
5	70	20.114148
5	80	18.468590
5	90	18.532495
5	100	20.992843
5	110	18.883973
5	120	22.350828
5	130	18.947878
5	140	22.079231
10	0	10.089322
10	10	12.823766
10	20	10.200833
10	30	16.338787
10	40	19.942694
10	50	18.164982
10	60	51.763736
10	70	47.416422
10	80	45.574066
10	90	47.400261
10	100	41.679261
10	110	50.955685
10	120	16.354948
10	130	41.921677
10	140	19.538669
15	0	10.439784
15	10	9.251797
15	20	6.897244
15	30	7.989664
15	40	19.426303
15	50	17.696225
15	60	46.201318
15	70	48.639904
15	80	47.898442
15	90	50.485320
15	100	48.277411
15	110	43.630916
15	120	18.553025
15	130	42.543439
15	140	41.109946
20	0	18.872805
20	10	15.646322
20	20	5.739920
20	30	6.591847
20	40	14.006829
20	50	20.832406
20	60	40.462290
20	70	49.117054
20	80	43.273818
20	90	39.632382
20	100	45.441744
20	110	41.901928
20	120	21.560693
20	130	39.717066
20	140	44.069853
25	0	76.740718
25	10	83.413823
25	20	34.665029
25	30	4.534200
25	40	5.250681
25	50	4.414786
25	60	28.004216
25	70	24.374397
25	80	22.649926
25	90	48.292214
25	100	53.736063
25	110	60.760385
25	120	39.371325
25	130	29.375714
25	140	26.685399
25	150	44.428836
25	160	68.838355
25	170	72.877341
25	180	67.433491
30	0	80.310242
30	10	74.245624
30	20	13.342159
30	30	3.892382
30	40	4.270961
30	50	3.971406
30	60	22.058669
30	70	19.965457
30	80	21.494476
30	90	23.361643
30	100	24.875960
30	110	19.575851
30	120	5.421401
30	130	20.057345
30	140	18.656970
30	150	35.507418
30	160	81.045347
30	170	84.720873
30	180	81.045347
35	0	67.419431
35	10	69.556647
35	20	4.223915
35	30	4.439579
35	40	3.635209
35	50	4.383234
35	60	16.940346
35	70	22.390246
35	80	21.422670
35	90	16.734396
35	100	19.112534
35	110	19.687640
35	120	13.971560
35	130	16.843200
35	140	18.756979
35	150	42.633561
35	160	67.225139
35	170	64.699339
35	180	68.390893
40	0	63.159655
40	10	64.198465
40	20	4.475194
40	30	4.485582
40	40	4.828389
40	50	4.078368
40	60	20.053190
40	70	15.395166
40	80	15.625782
40	90	19.242918
40	100	14.840441
40	110	17.258791
40	120	14.057178
40	130	19.018535
40	140	18.492897
40	150	40.719279
40	160	54.018126
40	170	58.588890
40	180	61.082035
45	0	65.272933
45	10	55.819611
45	20	6.954943
45	30	7.668444
45	40	7.654939
45	50	8.001561
45	60	17.648450
45	70	18.188640
45	80	17.986069
45	90	18.375456
45	100	21.801159
45	110	16.833664
45	120	19.487346
45	130	18.600535
45	140	17.342343
45	150	35.224876
45	160	64.822775
45	170	67.523724
45	180	56.494849
50	0	66.778026
50	10	39.096219
50	20	14.667891
50	30	16.765073
50	40	14.719887
50	50	15.584015
50	60	23.319075
50	70	27.862556
50	80	27.666951
50	90	21.969649
50	100	23.796945
50	110	26.919195
50	120	26.074876
50	130	21.164945
50	140	24.631361
50	150	62.197405
50	160	52.045759
50	170	51.104875
50	180	57.195862
55	0	60.351503
55	10	34.102068
55	20	17.877919
55	30	15.979968
55	40	15.968869
55	50	13.335601
55	60	21.745964
55	70	22.370290
55	80	22.997391
55	90	28.311098
55	100	21.407441
55	110	24.404483
55	120	20.736776
55	130	26.952010
55	140	29.459858
55	150	68.093144
55	160	40.595057
55	170	42.287674
55	180	45.506421
60	0	52.011835
60	10	34.059158
60	20	13.941973
60	30	11.898423
60	40	11.548282
60	50	12.964761
60	60	24.961861
60	70	20.629664
60	80	20.133100
60	90	19.869858
60	100	25.097779
60	110	19.073765
60	120	22.406788
60	130	22.449441
60	140	20.308807
60	150	48.478595
60	160	47.619159
60	170	49.656342
60	180	42.176060
65	0	51.668515
65	10	28.470406
65	20	8.981735
65	30	11.169739
65	40	10.795406
65	50	10.486600
65	60	18.299015
65	70	20.744607
65	80	20.751763
65	90	16.570078
65	100	17.177070
65	110	20.223027
65	120	19.281168
65	130	14.972948
65	140	19.571898
65	150	44.965166
65	160	44.513254
65	170	39.165638
65	180	34.307593
70	0	46.626860
70	10	8.417963
70	20	3.454669
70	30	11.856810
70	40	10.125753
70	50	10.716732
70	60	17.170969
70	70	15.914557
70	80	16.845233
70	90	18.520449
70	100	15.821489
70	110	16.100692
70	120	15.542286
70	130	15.961091
70	140	27.827208
70	150	48.860482
70	160	38.297311
70	170	42.578420
70	180	16.141176
75	0	42.429996
75	10	4.728792
75	20	4.330934
75	30	11.339263
75	40	12.575267
75	50	10.914963
75	60	16.971998
75	70	15.004230
75	80	16.418564
75	90	13.651390
75	100	13.405419
75	110	16.234085
75	120	15.127216
75	130	16.849013
75	140	38.863417
75	150	49.378676
75	160	47.103445
75	170	40.400735
75	180	1.649850
80	0	58.933315
80	10	9.132372
80	20	6.790621
80	30	20.255463
80	40	18.321570
80	50	14.114666
80	60	17.240057
80	70	18.138263
80	80	16.644308
80	90	14.637092
80	100	14.398793
80	110	16.204370
80	120	15.837756
80	130	13.564744
80	140	41.335809
80	150	59.941506
80	160	65.074112
80	170	54.258978
80	180	0.527009
20	0
0	0	16.496410
5	0	14.202921
5	10	11.918311
5	20	11.903933
5	30	19.379238
5	40	22.095207
5	50	21.871539
5	60	21.552014
5	70	17.861491
5	80	21.408227
5	90	19.475096
5	100	17.254392
5	110	20.034266
5	120	17.973325
5	130	17.909420
5	140	18.037230
5	150	19.203499
5	160	9.841394
5	170	12.301742
5	180	10.269558
10	0	9.937409
10	10	10.708289
10	20	8.668769
10	30	16.112533
10	40	16.936745
10	50	17.470059
10	60	45.978092
10	70	47.917414
10	80	40.192448
10	90	42.309541
10	100	52.248566
10	110	47.093202
10	120	18.843745
10	130	41.792388
10	140	23.433474
15	0	9.935590
15	10	10.696824
15	20	8.648742
15	30	7.811713
15	40	18.239964
15	50	15.883762
15	60	39.050329
15	70	45.212702
15	80	43.120131
15	90	43.169562
15	100	41.439484
15	110	40.681545
15	120	17.350209
15	130	41.917315
15	140	37.649790
20	0	19.668840
20	10	15.480340
20	20	5.487560
20	30	6.373361
20	40	16.242502
20	50	20.205740
20	60	44.476339
20	70	38.565356
20	80	44.984447
20	90	42.122108
20	100	37.481393
20	110	39.869498
20	120	18.071688
20	130	35.990945
20	140	38.954905
25	0	71.648084
25	10	70.418828
25	20	37.896217
25	30	4.899464
25	40	4.769514
25	50	5.233120
25	60	24.664150
25	70	26.664326
25	80	23.297920
25	90	47.414173
25	100	64.272546
25	110	58.477480
25	120	45.429802
25	130	26.021601
25	140	27.716218
30	0	63.402823
30	10	71.672756
30	20	14.646971
30	30	4.101887
30	40	4.897638
30	50	4.008161
30	60	18.440114
30	70	21.310699
30	80	19.381048
30	90	20.647267
30	100	19.524394
30	110	21.430154
30	120	6.033376
30	130	22.753343
30	140	19.068629
35	0	75.968293
35	10	70.528108
35	20	4.078195
35	30	3.899446
35	40	3.845045
35	50	4.293860
35	60	20.402635
35	70	16.726625
35	80	20.321033
35	90	20.717389
35	100	17.562082
35	110	16.052430
35	120	11.589536
35	130	15.345206
35	140	16.184549
35	150	39.833809
35	160	68.390893
35	170	71.888155
35	180	56.733354
40	0	60.250986
40	10	54.849174
40	20	3.833209
40	30	4.942658
40	40	4.140697
40	50	4.849165
40	60	16.618884
40	70	18.229040
40	80	16.984545
40	90	15.127153
40	100	18.428491
40	110	16.467218
40	120	14.426995
40	130	15.594617
40	140	18.237350
40	150	31.220399
40	160	51.524981
40	170	56.926794
40	180	58.796652
45	0	54.694216
45	10	52.128314
45	20	7.684200
45	30	8.253650
45	40	9.201233
45	50	7.186775
45	60	16.068395
45	70	18.357449
45	80	16.342992
45	90	17.373854
45	100	16.604083
45	110	20.079304
45	120	20.623996
45	130	20.232358
45	140	18.172885
45	150	39.838997
45	160	55.594532
45	170	56.269770
45	180	62.121826
50	0	65.762862
50	10	39.913303
50	20	15.415647
50	30	12.669750
50	40	13.840903
50	50	13.511594
50	60	24.507560
50	70	20.602890
50	80	24.319383
50	90	26.235816
50	100	21.714620
50	110	20.942104
50	120	22.239534
50	130	20.409762
50	140	21.709668
50	150	60.464197
50	160	52.937123
50	170	50.807753
50	180	43.899681
55	0	58.631138
55	10	31.965486
55	20	13.979350
55	30	16.124257
55	40	12.763996
55	50	16.146455
55	60	25.181144
55	70	25.891488
55	80	24.825972
55	90	21.762613
55	100	26.421472
55	110	21.436021
55	120	20.616628
55	130	21.899132
55	140	27.079095
55	150	50.195802
55	160	38.486223
55	170	43.786056
55	180	47.032551
60	0	49.433525
60	10	28.998030
60	20	11.962085
60	30	14.005635
60	40	13.521804
60	50	11.045353
60	60	18.337832
60	70	21.546396
60	80	18.207325
60	90	19.196951
60	100	19.988587
60	110	23.580078
60	120	23.359171
60	130	23.477582
60	140	22.284875
60	150	55.608737
60	160	42.685356
60	170	42.303384
60	180	44.881694
65	0	45.944307
65	10	28.508066
65	20	10.625186
65	30	8.505722
65	40	10.128836
65	50	9.192627
65	60	17.522857
65	70	14.978220
65	80	18.629286
65	90	19.545160
65	100	15.270833
65	110	17.183171
65	120	17.081867
65	130	17.633952
65	140	15.184217
65	150	45.417077
65	160	42.517313
65	170	39.278616
65	180	26.210850
70	0	42.066548
70	10	8.697166
70	20	4.002371
70	30	10.912174
70	40	9.115970
70	50	10.190900
70	60	16.612564
70	70	18.194713
70	80	17.450172
70	90	15.588820
70	100	18.473915
70	110	16.286827
70	120	15.914557
70	130	17.217503
70	140	28.525214
70	150	39.181453
70	160	39.507189
70	170	38.995318
70	180	19.423205
75	0	43.905822
75	10	4.490815
75	20	4.193805
75	30	14.026496
75	40	11.210128
75	50	9.549824
75	60	16.726027
75	70	15.496172
75	80	13.897361
75	90	15.127216
75	100	15.434680
75	110	16.172593
75	120	15.188709
75	130	16.480056
75	140	42.921938
75	150	50.608531
75	160	44.459257
75	170	44.582242
75	180	2.871711
80	0	57.100242
80	10	9.632801
80	20	8.588866
80	30	18.413224
80	40	16.406008
80	50	12.959830
80	60	16.635142
80	70	14.242981
80	80	16.424339
80	90	16.442670
80	100	14.288808
80	110	15.966071
80	120	14.875392
80	130	14.087170
80	140	42.069038
80	150	58.841662
80	160	62.599462
80	170	49.951255
80	180	3.030070
30	0
0	0	17.586975
5	0	13.388130
5	10	15.225403
5	20	11.047604
5	30	22.143136
5	40	20.210005
5	50	22.095207
5	60	22.015326
5	70	23.740765
5	80	22.334852
5	90	22.766212
5	100	20.513555
5	110	19.475096
5	120	19.203499
5	130	21.440180
5	140	22.638401
5	150	17.813562
5	160	11.774525
5	170	11.486952
5	180	14.091087
10	0	13.722319
10	10	10.569305
10	20	10.630716
10	30	17.033711
10	40	21.510313
10	50	17.777118
10	60	46.818464
10	70	50.018346
10	80	53.896990
10	90	51.246583
10	100	54.559591
10	110	49.646642
10	120	18.924550
10	130	38.948049
10	140	22.334525
10	150	18.472042
10	160	10.111948
10	170	14.341286
10	180	12.072279
15	0	10.973637
15	10	11.329538
15	20	9.352307
15	30	8.683343
15	40	16.971240
15	50	19.327441
15	60	44.603055
15	70	41.044038
15	80	42.494008
15	90	40.714499
15	100	45.558717
15	110	49.644996
15	120	21.288196
15	130	43.235470
15	140	39.594068
15	150	22.425104
15	160	14.944577
15	170	13.593469
15	180	13.725284
20	0	20.420839
20	10	17.717707
20	20	4.982840
20	30	7.079630
20	40	16.733672
20	50	20.696910
20	60	46.779760
20	70	44.882825
20	80	44.035980
20	90	50.082458
20	100	41.597064
20	110	38.158870
20	120	17.817635
20	130	45.780482
20	140	45.390933
25	0	70.418828
25	10	76.565110
25	20	42.426905
25	30	5.670384
25	40	6.128721
25	50	5.675652
25	60	26.727545
25	70	30.271315
25	80	30.532971
25	90	51.277550
25	100	66.028627
25	110	67.609099
25	120	44.955661
25	130	26.894373
25	140	29.145668
30	0	83.066887
30	10	82.331782
30	20	15.106412
30	30	4.484141
30	40	4.421658
30	50	4.756130
30	60	19.910324
30	70	22.268174
30	80	22.703724
30	90	21.069952
30	100	24.436734
30	110	26.553837
30	120	7.075387
30	130	19.921351
30	140	19.390237
35	0	72.859616
35	10	68.196601
35	20	3.674067
35	30	4.560040
35	40	4.410435
35	50	4.449294
35	60	21.321638
35	70	22.883748
35	80	17.476593
35	90	22.945922
35	100	17.247328
35	110	17.484365
35	120	13.169133
35	130	19.969363
35	140	19.637124
40	0	57.134556
40	10	62.536369
40	20	5.291699
40	30	5.678136
40	40	5.763318
40	50	5.449598
40	60	18.652874
40	70	16.699911
40	80	18.349542
40	90	16.161808
40	100	17.385526
40	110	16.315551
40	120	14.863295
40	130	18.181254
40	140	19.238763
45	0	74.051017
45	10	57.620244
45	20	8.244646
45	30	8.730817
45	40	8.244646
45	50	8.708309
45	60	17.389609
45	70	17.855523
45	80	21.648106
45	90	18.944906
45	100	22.312089
45	110	22.955815
45	120	22.341349
45	130	17.196041
45	140	22.046496
45	150	43.665341
45	160	53.343742
45	170	60.771351
45	180	59.420877
50	0	64.326775
50	10	37.338251
50	20	13.415029
50	30	14.021652
50	40	13.476930
50	50	13.219425
50	60	24.027214
50	70	28.285954
50	80	21.858228
50	90	27.897220
50	100	22.202394
50	110	21.771568
50	120	24.262435
50	130	24.527368
50	140	27.082612
50	150	58.062466
50	160	60.909880
50	170	53.531366
50	180	54.719851
55	0	56.355817
55	10	38.264240
55	20	18.499470
55	30	18.216442
55	40	17.508873
55	50	17.836297
55	60	22.944670
55	70	25.636208
55	80	25.100676
55	90	21.823658
55	100	23.466329
55	110	24.550714
55	120	21.893583
55	130	27.917911
55	140	22.672742
55	150	62.432589
55	160	45.922638
55	170	48.530933
55	180	50.584271
60	0	64.807893
60	10	31.671833
60	20	13.862395
60	30	14.206170
60	40	14.696367
60	50	13.680959
60	60	26.489749
60	70	19.706565
60	80	25.111467
60	90	21.902585
60	100	26.006236
60	110	24.704667
60	120	25.707025
60	130	19.720252
60	140	26.009101
60	150	57.009300
60	160	39.279440
60	170	46.282257
60	180	44.436060
65	0	44.889847
65	10	27.340628
65	20	8.947465
65	30	9.444944
65	40	8.913572
65	50	8.799841
65	60	18.090382
65	70	19.954139
65	80	15.754001
65	90	20.885265
65	100	16.665732
65	110	15.703538
65	120	17.390673
65	130	16.713559
65	140	18.878591
65	150	45.379418
65	160	49.973848
65	170	40.257757
65	180	33.592067
70	0	42.299217
70	10	10.749306
70	20	4.650587
70	30	13.401732
70	40	11.647408
70	50	11.405432
70	60	18.241246
70	70	19.776861
70	80	17.915510
70	90	17.310571
70	100	16.426428
70	110	18.148179
70	120	16.100692
70	130	19.497659
70	140	29.223221
70	150	49.744624
70	160	43.788298
70	170	45.044711
70	180	21.815042
75	0	53.314212
75	10	4.888673
75	20	5.677625
75	30	12.581416
75	40	13.405419
75	50	12.808939
75	60	18.263346
75	70	15.065723
75	80	17.771404
75	90	16.418564
75	100	17.279462
75	110	17.955882
75	120	18.386331
75	130	16.295578
75	140	45.197170
75	150	49.809126
75	160	47.472401
75	170	48.763749
75	180	3.283713
80	0	49.859601
80	10	10.604330
80	20	7.750235
80	30	17.734987
80	40	16.818450
80	50	15.498637
80	60	17.854136
80	70	16.919269
80	80	15.975236
80	90	18.028278
80	100	14.884557
80	110	15.590291
80	120	15.901913
80	130	15.837756
80	140	45.826839
80	150	57.833471
80	160	65.349073
80	170	50.042908
80	180	4.078589
40	0
0	0	16.561486
5	0	13.771561
5	10	12.704345
5	20	13.303456
5	30	17.909420
5	40	19.123618
5	50	18.452614
5	60	19.011784
5	70	17.637823
5	80	19.922432
5	90	20.497578
5	100	18.788116
5	110	21.024796
5	120	21.711776
5	130	18.005277
5	140	21.663848
5	150	18.708234
5	160	10.307901
5	170	10.544350
5	180	12.781031
10	0	12.492466
10	10	10.265477
10	20	9.158448
10	30	20.088143
10	40	19.926533
10	50	16.888262
10	60	52.280888
10	70	52.394015
10	80	46.834626
10	90	50.147634
10	100	47.917414
10	110	39.077338
10	120	15.999406
10	130	38.463219
10	140	19.522508
10	150	17.825601
10	160	11.986626
10	170	11.278773
10	180	11.781381
15	0	8.628969
15	10	11.052726
15	20	7.452516
15	30	8.220341
15	40	16.147393
15	50	19.887657
15	60	38.275913
15	70	40.104853
15	80	41.175853
15	90	38.177052
15	100	43.746255
15	110	47.898442
15	120	18.701318
15	130	44.075793
15	140	39.561114
15	150	18.305871
15	160	11.962253
15	170	15.686039
15	180	12.209407
20	0	17.917562
20	10	14.623332
20	20	6.043091
20	30	6.215848
20	40	15.327908
20	50	17.275653
20	60	41.851117
20	70	37.904816
20	80	41.732559
20	90	45.119942
20	100	39.496886
20	110	40.801029
20	120	18.884660
20	130	37.447520
20	140	44.459402
20	150	22.001053
20	160	22.238170
20	170	22.864835
20	180	26.743389
25	0	74.984637
25	10	75.687069
25	20	38.844500
25	30	5.726578
25	40	5.814382
25	50	5.298095
25	60	26.968128
25	70	28.202653
25	80	25.480728
25	90	47.589781
25	100	60.233561
25	110	54.438495
25	120	37.439636
25	130	28.134165
25	140	21.085258
25	150	44.355081
25	160	73.579773
25	170	66.731059
25	180	68.311531
30	0	66.343244
30	10	67.813454
30	20	13.562691
30	30	4.331607
30	40	4.261772
30	50	5.090603
30	60	23.609741
30	70	19.188083
30	80	18.978578
30	90	19.665902
30	100	20.752019
30	110	24.219878
30	120	6.450548
30	130	20.375278
30	140	22.747830
35	0	68.779478
35	10	67.225139
35	20	4.342433
35	30	4.525068
35	40	4.126768
35	50	3.858645
35	60	19.145564
35	70	17.962324
35	80	20.068453
35	90	21.109859
35	100	17.169611
35	110	15.974714
35	120	12.277331
35	130	16.196207
35	140	17.482422
40	0	60.874272
40	10	61.289796
40	20	4.188482
40	30	5.119256
40	40	5.410123
40	50	5.200283
40	60	14.682542
40	70	18.839860
40	80	16.585642
40	90	14.462314
40	100	18.625865
40	110	16.643815
40	120	14.148594
40	130	17.952716
40	140	14.595282
45	0	57.845323
45	10	50.192634
45	20	7.162016
45	30	7.929536
45	40	7.853009
45	50	8.215386
45	60	21.224957
45	70	16.995721
45	80	16.844918
45	90	20.038790
45	100	16.606334
45	110	19.205998
45	120	21.197947
45	130	19.467089
45	140	21.465792
50	0	62.345966
50	10	35.629803
50	20	15.782096
50	30	14.712459
50	40	12.865355
50	50	12.422149
50	60	22.747116
50	70	22.601032
50	80	26.458657
50	90	22.989765
50	100	22.556463
50	110	20.402334
50	120	20.919820
50	130	23.601340
50	140	21.442258
55	0	57.909695
55	10	36.266397
55	20	14.467712
55	30	16.429483
55	40	16.851249
55	50	16.931718
55	60	21.415765
55	70	26.130120
55	80	21.829208
55	90	21.193783
55	100	25.548525
55	110	26.880421
55	120	22.048693
55	130	25.583210
55	140	25.422550
55	150	59.435825
55	160	40.595057
55	170	45.978133
55	180	43.786056
60	0	50.547610
60	10	28.870706
60	20	11.927071
60	30	11.898423
60	40	12.423635
60	50	12.054395
60	60	24.586255
60	70	18.471522
60	80	19.999410
60	90	24.146988
60	100	18.160215
60	110	19.126286
60	120	23.210202
60	130	23.369993
60	140	21.880621
60	150	47.237187
60	160	40.966482
60	170	40.870989
60	180	43.258313
65	0	48.015566
65	10	26.512124
65	20	11.008933
65	30	10.013599
65	40	8.630374
65	50	8.505722
65	60	16.345252
65	70	18.037659
65	80	19.439337
65	90	15.026048
65	100	17.991338
65	110	16.569701
65	120	14.783522
65	130	16.414545
65	140	15.643660
65	150	47.827270
65	160	44.550914
65	170	39.918824
65	180	31.935059
70	0	39.972527
70	10	9.385865
70	20	3.789246
70	30	10.851680
70	40	11.019202
70	50	11.600874
70	60	16.007624
70	70	17.077902
70	80	15.961091
70	90	17.496706
70	100	16.984834
70	110	16.938300
70	120	16.845233
70	130	14.425475
70	140	32.899391
70	150	38.529980
70	160	38.204243
70	170	41.368541
70	180	15.560900
75	0	44.090300
75	10	5.005509
75	20	4.824106
75	30	13.934256
75	40	10.675141
75	50	10.367677
75	60	18.878273
75	70	15.680650
75	80	16.357071
75	90	15.557665
75	100	13.589897
75	110	15.004230
75	120	17.648418
75	130	16.234085
75	140	40.769692
75	150	48.886734
75	160	43.290894
75	170	40.708199
75	180	3.320608
80	0	56.275358
80	10	7.818058
80	20	9.341342
80	30	17.331710
80	40	14.637092
80	50	12.492396
80	60	17.230891
80	70	18.009948
80	80	16.607646
80	90	15.663614
80	100	15.773598
80	110	17.313380
80	120	15.956905
80	130	14.646258
80	140	41.436628
80	150	66.357263
80	160	57.650164
80	170	52.517558
80	180	3.437013
50	0
0	0	17.497671
5	0	12.908841
5	10	15.113569
5	20	11.643519
5	30	22.334852
5	40	20.465626
5	50	22.606449
5	60	20.529531
5	70	20.545507
5	80	18.612376
5	90	22.015326
5	100	20.753199
5	110	20.817104
5	120	20.481602
5	130	19.938408
5	140	20.369768
5	150	23.692836
5	160	13.020675
5	170	11.247307
5	180	11.216952
10	0	12.104601
10	10	10.569305
10	20	11.894508
10	30	18.989194
10	40	21.413347
10	50	17.421576
10	60	54.511108
10	70	54.171727
10	80	56.111049
10	90	54.301015
10	100	46.414439
10	110	50.907202
10	120	18.261948
10	130	40.644956
10	140	23.336508
10	150	17.728635
10	160	10.052152
10	170	13.778882
10	180	12.944974
15	0	11.336129
15	10	10.805572
15	20	7.721090
15	30	8.600958
15	40	16.773517
15	50	19.788795
15	60	44.636009
15	70	44.075793
15	80	42.774116
15	90	41.538346
15	100	51.704613
15	110	45.525763
15	120	19.854703
15	130	42.378669
15	140	42.395146
15	150	19.591072
15	160	14.812762
15	170	14.285500
15	180	16.498352
20	0	16.389853
20	10	18.136049
20	20	5.694191
20	30	7.909539
20	40	18.681417
20	50	21.730062
20	60	42.376162
20	70	41.901928
20	80	42.393099
20	90	46.576517
20	100	39.158148
20	110	42.325351
20	120	21.001775
20	130	46.237779
20	140	43.697241
20	150	26.523209
20	160	24.897265
20	170	24.135104
20	180	23.559249
25	0	88.506457
25	10	72.877340
25	20	33.558698
25	30	4.943366
25	40	5.579068
25	50	4.943366
25	60	29.719906
25	70	29.156204
25	80	27.746072
25	90	50.399510
25	100	56.897008
25	110	63.043290
25	120	40.653263
25	130	23.763281
25	140	29.619810
25	150	37.843535
25	160	68.487139
25	170	80.604095
25	180	87.277201
30	0	74.613177
30	10	77.553598
30	20	15.382076
30	30	5.088765
30	40	4.603596
30	50	5.759549
30	60	20.130856
30	70	19.875406
30	80	19.954430
30	90	20.083074
30	100	22.751506
30	110	22.135855
30	120	6.432170
30	130	22.736803
30	140	19.202785
30	150	46.379624
30	160	85.455979
30	170	78.104927
30	180	67.629678
35	0	64.699339
35	10	65.670801
35	20	4.295803
35	30	4.845650
35	40	5.300294
35	50	4.328832
35	60	19.806158
35	70	21.012713
35	80	22.796317
35	90	21.424613
35	100	21.743252
35	110	17.777746
35	120	11.675025
35	130	20.324918
35	140	20.274402
35	150	38.399932
35	160	60.230616
35	170	65.282216
35	180	68.585185
40	0	75.002090
40	10	63.575179
40	20	4.838777
40	30	4.990444
40	40	4.855398
40	50	4.757750
40	60	19.082942
40	70	18.478354
40	80	16.847422
40	90	17.699247
40	100	15.017039
40	110	19.884903
40	120	19.139037
40	130	14.717862
40	140	17.171531
45	0	56.269769
45	10	59.871035
45	20	7.447866
45	30	10.371644
45	40	8.476478
45	50	9.998012
45	60	17.560670
45	70	17.711473
45	80	18.566773
45	90	17.909542
45	100	21.776401
45	110	18.040088
45	120	18.791852
45	130	22.597939
45	140	18.542014
50	0	71.210087
50	10	35.902165
50	20	15.950465
50	30	14.227161
50	40	17.099334
50	50	12.570709
50	60	27.795703
50	70	27.862556
50	80	28.169581
50	90	28.904957
50	100	24.752685
50	110	23.789517
50	120	22.922913
50	130	22.962529
50	140	30.593596
55	0	62.848806
55	10	39.679379
55	20	16.679213
55	30	15.982743
55	40	15.261299
55	50	16.962241
55	60	24.825972
55	70	25.222766
55	80	21.965172
55	90	22.262074
55	100	21.909677
55	110	27.887666
55	120	27.961198
55	130	23.422210
55	140	22.547876
60	0	49.560849
60	10	32.785918
60	20	12.242198
60	30	15.839100
60	40	12.563691
60	50	13.856029
60	60	20.693325
60	70	20.056706
60	80	22.469495
60	90	22.549072
60	100	26.096954
60	110	19.040024
60	120	18.946759
60	130	25.103827
60	140	24.213833
65	0	57.919953
65	10	27.189991
65	20	11.739900
65	30	9.441178
65	40	11.840073
65	50	8.797205
65	60	21.679687
65	70	21.362596
65	80	20.329226
65	90	19.548621
65	100	16.808461
65	110	19.334644
65	120	19.638555
65	130	15.282507
65	140	19.172333
65	150	50.614056
65	160	40.822646
65	170	45.266440
65	180	30.918259
70	0	38.529979
70	10	10.181593
70	20	4.418848
70	30	12.042945
70	40	11.596221
70	50	10.567824
70	60	16.519496
70	70	18.194713
70	80	17.031368
70	90	16.566030
70	100	18.148179
70	110	17.729375
70	120	17.124435
70	130	18.660051
70	140	28.990552
70	150	43.322960
70	160	48.860482
70	170	39.832926
70	180	21.633560
75	0	48.333299
75	10	6.106229
75	20	4.980297
75	30	13.774375
75	40	12.261654
75	50	12.360042
75	60	19.185737
75	70	15.742143
75	80	16.295578
75	90	18.632302
75	100	18.078868
75	110	17.094984
75	120	17.156476
75	130	15.434680
75	140	45.935083
75	150	49.993604
75	160	42.798952
75	170	49.440169
75	180	3.480489
80	0	59.024968
80	10	8.487129
80	20	10.533756
80	30	19.623052
80	40	17.945790
80	50	14.957880
80	60	20.897038
80	70	17.899963
80	80	17.102576
80	90	16.387678
80	100	16.231866
80	110	19.522233
80	120	19.366422
80	130	14.068840
80	140	41.152502
80	150	71.123255
80	160	67.182146
80	170	49.676294
80	180	4.206904
60	0
0	0	16.932141
5	0	15.433095
5	10	15.080019
5	20	13.878602
5	30	17.925396
5	40	19.698764
5	50	21.136630
5	60	22.079231
5	70	20.976867
5	80	17.685752
5	90	18.580424
5	100	22.766212
5	110	20.321839
5	120	19.890480
5	130	17.621847
5	140	19.618883
5	150	20.593436
5	160	10.307901
5	170	10.911805
5	180	12.892865
10	0	11.603610
10	10	10.410927
10	20	9.084107
10	30	19.150804
10	40	16.484237
10	50	15.918601
10	60	51.133456
10	70	51.488998
10	80	53.864668
10	90	44.103414
10	100	43.069109
10	110	48.386083
10	120	19.522508
10	130	38.640990
10	140	20.702262
10	150	16.823618
10	160	12.637915
10	170	13.594647
10	180	13.866152
15	0	9.044188
15	10	9.759287
15	20	7.905632
15	30	10.281605
15	40	21.798981
15	50	20.217196
15	60	39.775314
15	70	38.869083
15	80	43.301378
15	90	51.325643
15	100	42.147992
15	110	45.624625
15	120	16.691132
15	130	46.827441
15	140	45.163271
15	150	19.970042
15	160	12.440084
15	170	13.461653
15	180	12.833882
20	0	19.787398
20	10	18.220733
20	20	6.197217
20	30	5.662011
20	40	14.413315
20	50	19.477452
20	60	46.305526
20	70	43.900484
20	80	37.481393
20	90	39.158148
20	100	48.100839
20	110	39.564634
20	120	20.984838
20	130	39.073463
20	140	40.021931
20	150	21.814747
20	160	21.476008
20	170	22.881772
20	180	27.861225
25	0	83.765040
25	10	75.160245
25	20	31.170429
25	30	5.601897
25	40	5.517605
25	50	4.597419
25	60	25.951357
25	70	27.108614
25	80	29.572395
25	90	49.872686
25	100	54.614103
25	110	56.370184
25	120	40.460095
25	130	24.493811
25	140	24.911758
25	150	39.885856
25	160	79.550446
25	170	78.672406
25	180	70.594436
30	0	65.975691
30	10	74.796953
30	20	15.841517
30	30	5.353403
30	40	5.244975
30	50	5.423238
30	60	19.509692
30	70	24.830015
30	80	19.535420
30	90	25.056060
30	100	21.239027
30	110	24.964172
30	120	5.605177
30	130	24.392628
30	140	23.927674
30	150	36.582510
30	160	72.040309
30	170	73.878072
30	180	67.813454
35	0	68.002308
35	10	65.087924
35	20	4.365748
35	30	3.891675
35	40	3.876131
35	50	4.513410
35	60	22.215383
35	70	20.765962
35	80	18.846354
35	90	18.463598
35	100	21.412955
35	110	16.899545
35	120	11.966463
35	130	16.435186
35	140	16.738282
35	150	44.331676
35	160	59.064862
35	170	62.756416
35	180	68.002308
40	0	68.769229
40	10	62.120844
40	20	3.847752
40	30	5.200283
40	40	5.609574
40	50	4.304829
40	60	15.548910
40	70	15.914571
40	80	18.324610
40	90	19.207599
40	100	14.562040
40	110	15.376467
40	120	18.422258
40	130	15.619549
40	140	15.326604
40	150	35.924131
40	160	62.744131
40	170	66.068323
40	180	66.691609
45	0	55.819611
45	10	57.395165
45	20	9.034674
45	30	9.734670
45	40	8.039824
45	50	9.734670
45	60	18.980919
45	70	21.582833
45	80	16.824661
45	90	17.929799
45	100	19.356801
45	110	21.994727
45	120	18.379957
45	130	21.175440
45	140	21.960966
45	150	35.810081
45	160	58.295481
45	170	57.845323
45	180	50.417713
50	0	64.549616
50	10	33.401393
50	20	14.155357
50	30	12.895067
50	40	13.979560
50	50	13.189712
50	60	26.181344
50	70	21.167421
50	80	27.305453
50	90	21.281318
50	100	25.299884
50	110	22.492087
50	120	20.996576
50	130	21.125329
50	140	24.621457
55	0	63.958719
55	10	37.043336
55	20	14.162486
55	30	17.450602
55	40	16.690312
55	50	14.481586
55	60	21.088341
55	70	24.617863
55	80	22.694940
55	90	25.769398
55	100	20.488433
55	110	21.519542
55	120	26.059085
55	130	22.689668
55	140	22.342542
60	0	48.319440
60	10	33.963664
60	20	15.412564
60	30	13.563184
60	40	11.430508
60	50	14.419438
60	60	25.127382
60	70	23.020171
60	80	20.133100
60	90	23.583579
60	100	24.157174
60	110	24.882920
60	120	22.273097
60	130	24.040354
60	140	24.968227
65	0	49.747892
65	10	28.018494
65	20	8.929388
65	30	9.640772
65	40	11.186685
65	50	8.370902
65	60	16.591920
65	70	15.429378
65	80	20.437684
65	90	15.515618
65	100	17.150784
65	110	16.631086
65	120	15.094211
65	130	15.246354
65	140	17.176392
70	0	45.091243
70	10	9.879123
70	20	4.347186
70	30	11.819583
70	40	11.349591
70	50	10.176940
70	60	16.240293
70	70	17.775908
70	80	16.379895
70	90	16.984834
70	100	15.170016
70	110	16.891766
70	120	17.775908
70	130	15.402685
70	140	32.573654
75	0	41.507602
75	10	5.983242
75	20	4.609495
75	30	14.450795
75	40	11.904995
75	50	10.736633
75	60	18.263346
75	70	15.865129
75	80	14.819752
75	90	13.958854
75	100	14.635274
75	110	17.709911
75	120	17.771404
75	130	16.480056
75	140	36.772663
75	150	45.197170
75	160	46.304039
75	170	45.935082
75	180	2.945502
80	0	59.208273
80	10	7.845552
80	20	9.916927
80	30	18.376562
80	40	17.707490
80	50	14.013847
80	60	17.304214
80	70	16.039394
80	80	18.578200
80	90	15.654448
80	100	16.580150
80	110	15.296999
80	120	15.351991
80	130	14.655423
80	140	42.160692
80	150	68.740259
80	160	57.650164
80	170	48.576450
80	180	4.573518
70	0
0	0	17.906699
5	0	15.880431
5	10	12.189908
5	20	12.188311
5	30	23.549050
5	40	20.289887
5	50	18.244922
5	60	17.813562
5	70	20.833081
5	80	18.899950
5	90	19.187523
5	100	20.241958
5	110	19.986337
5	120	22.143136
5	130	23.245500
5	140	19.938408
5	150	18.372732
5	160	12.063696
5	170	12.111624
5	180	10.629025
10	0	10.625868
10	10	13.161532
10	20	11.008884
10	30	17.162999
10	40	18.665974
10	50	20.653779
10	60	48.725464
10	70	50.745592
10	80	44.588244
10	90	45.186202
10	100	42.681244
10	110	42.778210
10	120	16.193338
10	130	36.297643
10	140	20.362881
10	150	20.540652
10	160	11.296550
10	170	11.506644
10	180	13.594647
15	0	9.419862
15	10	9.640653
15	20	7.319053
15	30	8.650389
15	40	18.585979
15	50	20.464350
15	60	52.100059
15	70	43.746255
15	80	50.567705
15	90	42.757639
15	100	50.304074
15	110	47.272318
15	120	19.426303
15	130	40.961653
15	140	48.063211
15	150	18.816656
15	160	12.275314
15	170	16.839424
15	180	14.961054
20	0	21.523432
20	10	15.454935
20	20	5.348678
20	30	7.367558
20	40	15.903763
20	50	17.241780
20	60	38.480671
20	70	40.563912
20	80	42.765711
20	90	43.121386
20	100	44.984447
20	110	44.188412
20	120	21.848621
20	130	49.252549
20	140	43.493998
20	150	21.933305
20	160	26.269155
20	170	22.204296
20	180	23.897987
25	0	76.038285
25	10	91.316186
25	20	38.071825
25	30	5.127755
25	40	4.781807
25	50	5.417508
25	60	24.128546
25	70	29.876197
25	80	23.039776
25	90	51.453158
25	100	55.843360
25	110	63.921330
25	120	39.863027
25	130	26.000528
25	140	22.302222
25	150	40.635703
25	160	72.174908
25	170	79.374838
25	180	75.511461
30	0	66.527020
30	10	76.450940
30	20	13.250271
30	30	4.298527
30	40	4.522734
30	50	5.364430
30	60	25.906945
30	70	22.018238
30	80	22.707399
30	90	20.288903
30	100	22.659617
30	110	21.663550
30	120	6.174883
30	130	19.654875
30	140	23.093329
30	150	47.691787
30	160	68.916112
30	170	81.412900
30	180	75.532058
35	0	78.105508
35	10	68.779477
35	20	3.483661
35	30	4.628043
35	40	4.517296
35	50	3.969392
35	60	18.385881
35	70	17.220127
35	80	21.556732
35	90	21.824855
35	100	21.830684
35	110	21.688850
35	120	13.598519
35	130	20.727103
35	140	20.497839
35	150	40.653723
35	160	75.968293
35	170	65.087924
35	180	68.390893
40	0	66.483847
40	10	57.965604
40	20	4.714120
40	30	4.896951
40	40	4.325605
40	50	4.153163
40	60	15.505280
40	70	18.459656
40	80	15.677722
40	90	16.980390
40	100	15.413864
40	110	16.492149
40	120	14.703318
40	130	17.262946
40	140	14.605670
40	150	33.476695
40	160	57.757842
40	170	64.198465
40	180	61.913083
45	0	55.932151
45	10	59.871034
45	20	7.135006
45	30	7.591917
45	40	7.663942
45	50	9.280010
45	60	22.303086
45	70	21.369008
45	80	18.695068
45	90	17.686714
45	100	18.636548
45	110	17.418870
45	120	22.478647
45	130	16.842667
45	140	20.027536
45	150	41.707153
45	160	57.845323
45	170	58.295481
45	180	58.520560
50	0	69.055956
50	10	38.724817
50	20	12.652418
50	30	14.385626
50	40	13.004011
50	50	14.940252
50	60	24.708117
50	70	21.367978
50	80	28.063113
50	90	27.436682
50	100	27.835320
50	110	26.414089
50	120	22.321242
50	130	25.386544
50	140	29.521483
50	150	69.650200
50	160	52.986643
50	170	56.032137
50	180	54.422730
55	0	61.877632
55	10	31.216294
55	20	17.439503
55	30	17.331286
55	40	14.584252
55	50	12.938807
55	60	21.557279
55	70	23.688312
55	80	22.966868
55	90	24.154475
55	100	22.181883
55	110	26.627360
55	120	23.191071
55	130	27.114612
55	140	22.883625
55	150	58.797625
55	160	43.730560
55	170	48.530933
55	180	50.501028
60	0	50.452115
60	10	31.449015
60	20	11.634225
60	30	12.028930
60	40	14.120226
60	50	11.888874
60	60	23.621776
60	70	25.448875
60	80	20.324086
60	90	19.393666
60	100	20.278249
60	110	19.404489
60	120	24.874008
60	130	19.296263
60	140	21.632340
65	0	51.141283
65	10	29.675501
65	20	7.883590
65	30	8.111806
65	40	7.624495
65	50	9.692742
65	60	18.556227
65	70	16.785112
65	80	20.675314
65	90	20.072390
65	100	20.744231
65	110	16.651045
65	120	15.496035
65	130	16.416428
65	140	21.661611
70	0	41.461604
70	10	7.073133
70	20	1.953952
70	30	9.897737
70	40	9.376559
70	50	7.417486
70	60	14.937347
70	70	16.193759
70	80	16.798699
70	90	16.286827
70	100	15.495753
70	110	18.194713
70	120	18.846186
70	130	19.311524
70	140	28.432147
75	0	45.197161
75	10	1.564986
75	20	0.858437
75	30	9.859131
75	40	7.956546
75	50	8.655104
75	60	14.942737
75	70	16.787520
75	80	14.389303
75	90	14.819752
75	100	14.881245
75	110	16.910505
75	120	16.726027
75	130	15.065723
75	140	36.957141
80	0	62.141179
80	10	2.337163
80	20	0.593913
80	30	11.273402
80	40	9.623636
80	50	9.932142
80	60	17.258387
80	70	15.571960
80	80	15.443645
80	90	16.479331
80	100	16.635142
80	110	14.160493
80	120	14.517942
80	130	13.913028
80	140	50.959445
