type bsdf_data
format angles=deg bsdf=value scale=1
10	0
0	0	0.007179
5	0	0.007509
5	10	0.007478
5	20	0.007551
5	30	0.007539
5	40	0.007223
5	50	0.007170
5	60	0.007080
5	70	0.007024
5	80	0.006921
5	90	0.007054
5	100	0.007100
5	110	0.007103
5	120	0.007331
5	130	0.007524
5	140	0.007588
10	0	0.007823
10	10	0.007750
10	20	0.007391
10	30	0.007524
10	40	0.007364
10	50	0.007200
10	60	0.005763
10	70	0.005449
10	80	0.005682
10	90	0.006031
10	100	0.006940
10	110	0.007128
10	120	0.007275
10	130	0.007534
10	140	0.007468
15	0	0.007788
15	10	0.007625
15	20	0.007863
15	30	0.007229
15	40	0.007288
15	50	0.007321
15	60	0.006172
15	70	0.005866
15	80	0.005474
15	90	0.006307
15	100	0.006667
15	110	0.006775
15	120	0.007148
15	130	0.007212
15	140	0.007448
20	0	0.007071
20	10	0.007466
20	20	0.007734
20	30	0.007530
20	40	0.007628
20	50	0.007436
20	60	0.006155
20	70	0.006212
20	80	0.006192
20	90	0.006112
20	100	0.006479
20	110	0.006676
20	120	0.006987
20	130	0.006880
20	140	0.006952
25	0	0.005591
25	10	0.005447
25	20	0.007783
25	30	0.007971
25	40	0.007818
25	50	0.007863
25	60	0.006557
25	70	0.006417
25	80	0.006389
25	90	0.006203
25	100	0.006359
25	110	0.006923
25	120	0.007414
25	130	0.007909
25	140	0.007674
25	150	0.007720
25	160	0.006027
25	170	0.005946
25	180	0.006259
30	0	0.005528
30	10	0.005635
30	20	0.008038
30	30	0.007860
30	40	0.007874
30	50	0.007958
30	60	0.007057
30	70	0.006730
30	80	0.006601
30	90	0.006664
30	100	0.007127
30	110	0.007373
30	120	0.007641
30	130	0.007531
30	140	0.007877
30	150	0.007822
30	160	0.005965
30	170	0.005947
30	180	0.006259
35	0	0.005207
35	10	0.005980
35	20	0.008152
35	30	0.008078
35	40	0.008233
35	50	0.008301
35	60	0.007456
35	70	0.007200
35	80	0.006917
35	90	0.006750
35	100	0.007142
35	110	0.007387
35	120	0.007601
35	130	0.007807
35	140	0.007826
35	150	0.007818
35	160	0.006388
35	170	0.006384
35	180	0.005728
40	0	0.005502
40	10	0.005871
40	20	0.008164
40	30	0.008630
40	40	0.008668
40	50	0.008576
40	60	0.007646
40	70	0.007460
40	80	0.007123
40	90	0.006847
40	100	0.007018
40	110	0.007484
40	120	0.007696
40	130	0.008024
40	140	0.007779
40	150	0.007675
40	160	0.006366
40	170	0.006071
40	180	0.006162
45	0	0.005888
45	10	0.006491
45	20	0.008429
45	30	0.008799
45	40	0.008869
45	50	0.008768
45	60	0.007954
45	70	0.007751
45	80	0.007346
45	90	0.006830
45	100	0.007266
45	110	0.007824
45	120	0.008004
45	130	0.007792
45	140	0.008085
45	150	0.007922
45	160	0.006617
45	170	0.006235
45	180	0.006185
50	0	0.005517
50	10	0.007933
50	20	0.008553
50	30	0.009262
50	40	0.009321
50	50	0.009025
50	60	0.008261
50	70	0.007846
50	80	0.007224
50	90	0.006951
50	100	0.007492
50	110	0.008067
50	120	0.008235
50	130	0.008379
50	140	0.008126
50	150	0.006996
50	160	0.006849
50	170	0.006695
50	180	0.005903
55	0	0.005883
55	10	0.008147
55	20	0.009208
55	30	0.009614
55	40	0.010124
55	50	0.009454
55	60	0.008515
55	70	0.008101
55	80	0.007478
55	90	0.006975
55	100	0.007725
55	110	0.007991
55	120	0.008435
55	130	0.008741
55	140	0.008901
55	150	0.007570
55	160	0.007145
55	170	0.006511
55	180	0.006025
60	0	0.007321
60	10	0.008229
60	20	0.009466
60	30	0.010032
60	40	0.010699
60	50	0.009669
60	60	0.008934
60	70	0.008691
60	80	0.008384
60	90	0.007379
60	100	0.008098
60	110	0.008327
60	120	0.008639
60	130	0.008824
60	140	0.008785
60	150	0.007788
60	160	0.007226
60	170	0.006721
60	180	0.006080
65	0	0.007465
65	10	0.008433
65	20	0.010123
65	30	0.010475
65	40	0.011332
65	50	0.010766
65	60	0.009955
65	70	0.009447
65	80	0.008828
65	90	0.007553
65	100	0.007984
65	110	0.009016
65	120	0.009068
65	130	0.009098
65	140	0.009083
65	150	0.007679
65	160	0.007160
65	170	0.006604
65	180	0.005907
70	0	0.007583
70	10	0.008851
70	20	0.010368
70	30	0.011261
70	40	0.011894
70	50	0.012052
70	60	0.010693
70	70	0.010122
70	80	0.009154
70	90	0.007834
70	100	0.008246
70	110	0.008639
70	120	0.009297
70	130	0.009121
70	140	0.008860
70	150	0.008149
70	160	0.007171
70	170	0.006756
70	180	0.006303
75	0	0.007211
75	10	0.008978
75	20	0.011069
75	30	0.011634
75	40	0.012495
75	50	0.012200
75	60	0.011524
75	70	0.011174
75	80	0.009322
75	90	0.007803
75	100	0.008326
75	110	0.008789
75	120	0.009079
75	130	0.009027
75	140	0.009113
75	150	0.007719
75	160	0.007115
75	170	0.006055
75	180	0.006125
80	0	0.007204
80	10	0.008194
80	20	0.009807
80	30	0.011160
80	40	0.012612
80	50	0.012813
80	60	0.011383
80	70	0.010925
80	80	0.009046
80	90	0.007563
80	100	0.008377
80	110	0.009019
80	120	0.009807
80	130	0.009184
80	140	0.008890
80	150	0.007552
80	160	0.006462
80	170	0.005844
80	180	0.005719
70	0
0	0	0.006282
5	0	0.006840
5	10	0.006690
5	20	0.006770
5	30	0.006839
5	40	0.006890
5	50	0.006800
5	60	0.006850
5	70	0.006858
5	80	0.006771
5	90	0.006216
5	100	0.005715
5	110	0.005690
5	120	0.005722
5	130	0.005827
5	140	0.005860
5	150	0.006017
5	160	0.006125
5	170	0.006193
5	180	0.006446
10	0	0.007510
10	10	0.007647
10	20	0.007447
10	30	0.007647
10	40	0.007709
10	50	0.007734
10	60	0.005957
10	70	0.005944
10	80	0.006141
10	90	0.005586
10	100	0.005165
10	110	0.005199
10	120	0.005374
10	130	0.005476
10	140	0.005600
10	150	0.005754
10	160	0.005898
10	170	0.006058
10	180	0.006314
15	0	0.008115
15	10	0.008414
15	20	0.008690
15	30	0.008676
15	40	0.008843
15	50	0.008691
15	60	0.007408
15	70	0.007342
15	80	0.007184
15	90	0.005736
15	100	0.004689
15	110	0.004789
15	120	0.004996
15	130	0.005134
15	140	0.005376
15	150	0.005593
15	160	0.005743
15	170	0.005914
15	180	0.006222
20	0	0.008409
20	10	0.009025
20	20	0.010048
20	30	0.010010
20	40	0.010148
20	50	0.010038
20	60	0.008624
20	70	0.008211
20	80	0.007981
20	90	0.005782
20	100	0.004201
20	110	0.004443
20	120	0.004620
20	130	0.004926
20	140	0.005133
20	150	0.005384
20	160	0.005645
20	170	0.005830
20	180	0.006091
25	0	0.007786
25	10	0.009051
25	20	0.011587
25	30	0.011916
25	40	0.011704
25	50	0.011373
25	60	0.009894
25	70	0.009434
25	80	0.009012
25	90	0.006185
25	100	0.003940
25	110	0.004529
25	120	0.005135
25	130	0.005514
25	140	0.005802
25	150	0.006101
25	160	0.004678
25	170	0.005145
25	180	0.005342
30	0	0.009821
30	10	0.010755
30	20	0.013853
30	30	0.014103
30	40	0.013526
30	50	0.013036
30	60	0.011372
30	70	0.010681
30	80	0.009825
30	90	0.006530
30	100	0.004414
30	110	0.004767
30	120	0.005043
30	130	0.005550
30	140	0.005818
30	150	0.006097
30	160	0.004752
30	170	0.005135
30	180	0.005337
35	0	0.011797
35	10	0.014086
35	20	0.016703
35	30	0.016899
35	40	0.015906
35	50	0.014883
35	60	0.012816
35	70	0.011339
35	80	0.010788
35	90	0.006908
35	100	0.004360
35	110	0.004760
35	120	0.005359
35	130	0.005580
35	140	0.005926
35	150	0.006357
35	160	0.005285
35	170	0.005483
35	180	0.005934
40	0	0.016031
40	10	0.019002
40	20	0.021050
40	30	0.020355
40	40	0.018487
40	50	0.016495
40	60	0.014291
40	70	0.012796
40	80	0.011303
40	90	0.007200
40	100	0.004442
40	110	0.005053
40	120	0.005427
40	130	0.005855
40	140	0.006378
40	150	0.006603
40	160	0.005821
40	170	0.006183
40	180	0.006424
45	0	0.021639
45	10	0.025231
45	20	0.026599
45	30	0.024756
45	40	0.021856
45	50	0.018477
45	60	0.015504
45	70	0.013165
45	80	0.011916
45	90	0.007237
45	100	0.004722
45	110	0.005096
45	120	0.005546
45	130	0.006158
45	140	0.006568
45	150	0.006995
45	160	0.006325
45	170	0.006568
45	180	0.006707
50	0	0.030703
50	10	0.035693
50	20	0.034539
50	30	0.030041
50	40	0.024941
50	50	0.020539
50	60	0.016490
50	70	0.013960
50	80	0.012096
50	90	0.007484
50	100	0.004759
50	110	0.005447
50	120	0.005928
50	130	0.006408
50	140	0.007081
50	150	0.006399
50	160	0.006938
50	170	0.007328
50	180	0.007695
55	0	0.044791
55	10	0.050048
55	20	0.044831
55	30	0.036403
55	40	0.028582
55	50	0.022366
55	60	0.018023
55	70	0.014322
55	80	0.012440
55	90	0.007686
55	100	0.005083
55	110	0.005744
55	120	0.006504
55	130	0.006954
55	140	0.007486
55	150	0.007009
55	160	0.007678
55	170	0.008140
55	180	0.008380
60	0	0.071741
60	10	0.071507
60	20	0.059120
60	30	0.043593
60	40	0.033020
60	50	0.024973
60	60	0.019236
60	70	0.015554
60	80	0.013487
60	90	0.008562
60	100	0.005628
60	110	0.006003
60	120	0.006831
60	130	0.007340
60	140	0.007932
65	0	0.117036
65	10	0.103751
65	20	0.074944
65	30	0.050905
65	40	0.037050
65	50	0.026689
65	60	0.020232
65	70	0.016537
65	80	0.013853
65	90	0.008642
65	100	0.005988
65	110	0.006862
65	120	0.007404
65	130	0.007893
65	140	0.008692
70	0	0.197343
70	10	0.154874
70	20	0.096009
70	30	0.059247
70	40	0.039796
70	50	0.029000
70	60	0.022087
70	70	0.017444
70	80	0.014024
70	90	0.008882
70	100	0.006450
70	110	0.006847
70	120	0.007687
70	130	0.008330
70	140	0.008761
75	0	0.359451
75	10	0.221632
75	20	0.119812
75	30	0.068208
75	40	0.042910
75	50	0.030045
75	60	0.021952
75	70	0.017661
75	80	0.014648
75	90	0.009408
75	100	0.006681
75	110	0.007075
75	120	0.007807
75	130	0.008286
75	140	0.009268
80	0	0.596480
80	10	0.300899
80	20	0.135941
80	30	0.070665
80	40	0.043554
80	50	0.030924
80	60	0.022034
80	70	0.017524
80	80	0.013895
80	90	0.009468
80	100	0.007296
80	110	0.007882
80	120	0.007659
80	130	0.007935
80	140	0.009257
