type bsdf_data
format angles=deg bsdf=value scale=1
0	0
0	0	18.676577
5	40	18.061466
5	50	15.968508
5	60	18.253118
5	70	16.399661
5	80	18.364776
5	90	17.597930
5	100	18.876065
5	110	19.834611
5	120	17.629995
5	130	18.860201
5	140	16.048374
10	40	15.167098
10	50	17.445736
10	60	40.782988
10	70	48.556469
10	80	46.714032
10	90	40.281818
10	100	41.994967
10	110	37.841570
10	120	16.605234
10	130	31.118587
10	140	20.661908
15	0	8.938406
15	10	8.083270
15	20	7.175407
15	30	8.806409
15	40	18.247922
15	50	17.671147
15	60	43.903148
15	70	43.919625
15	80	39.734402
15	90	46.275645
15	100	39.981572
15	110	44.545749
15	120	17.390908
15	130	43.408840
15	140	42.321379
15	150	19.747405
15	160	10.358602
15	170	12.428039
15	180	11.635466
20	0	14.721076
20	10	17.358204
20	20	4.008223
20	30	4.653350
20	40	15.047501
20	50	15.183233
20	60	39.606959
20	70	36.117972
20	80	37.760649
20	90	41.554637
20	100	41.944152
20	110	41.520814
20	120	15.115401
20	130	40.335213
20	140	34.068503
20	150	18.706247
20	160	24.126162
20	170	23.025059
20	180	25.345518
25	0	83.423465
25	10	67.091512
25	20	34.637459
25	30	4.380121
25	40	3.969128
25	50	4.276337
25	60	20.580385
25	70	24.745791
25	80	26.449171
25	90	40.397754
25	100	62.348795
25	110	54.095147
25	120	45.138539
25	130	20.834964
25	140	25.834473
25	150	37.186357
25	160	70.779404
25	170	71.481942
25	180	66.564951
30	0	63.963506
30	10	70.210889
30	20	12.724744
30	30	4.013729
30	40	4.248890
30	50	4.009944
30	60	21.812813
30	70	21.682332
30	80	19.243565
30	90	20.846131
30	100	17.925889
30	110	22.736987
30	120	4.572226
30	130	19.528400
30	140	19.432892
30	150	43.346452
30	160	61.206678
30	170	67.822716
30	180	69.109059
35	0	71.314487
35	10	69.370146
35	20	3.681276
35	30	3.376353
35	40	3.350998
35	50	3.108036
35	60	17.936930
35	70	19.415495
35	80	15.539285
35	90	18.677184
35	100	16.790547
35	110	16.697267
35	120	9.838593
35	130	18.700460
35	140	14.985591
35	150	32.583326
35	160	68.011285
35	170	74.423067
35	180	58.685293
40	0	60.883103
40	10	54.025418
40	20	3.651438
40	30	4.160414
40	40	3.632615
40	50	4.164611
40	60	13.933872
40	70	15.053667
40	80	16.946255
40	90	13.323031
40	100	17.226879
40	110	13.557635
40	120	15.346653
40	130	13.310565
40	140	17.351536
40	150	34.423882
40	160	57.558889
40	170	55.065745
40	180	54.234759
45	0	54.342688
45	10	55.601893
45	20	6.433323
45	30	8.562616
45	40	8.684249
45	50	7.837906
45	60	20.370579
45	70	15.337834
45	80	18.560876
45	90	17.793424
45	100	16.643270
45	110	19.672812
45	120	18.855685
45	130	16.406914
45	140	16.832179
45	150	41.017579
45	160	49.233393
45	170	51.304188
45	180	61.455209
50	0	68.445001
50	10	35.166814
50	20	12.860428
50	30	12.687107
50	40	12.858026
50	50	11.303116
50	60	20.885626
50	70	22.730354
50	80	19.397519
50	90	24.074828
50	100	19.615482
50	110	21.576359
50	120	19.917506
50	130	25.042750
50	140	21.704963
50	150	53.292431
50	160	51.360944
50	170	53.985541
50	180	46.235427
55	0	54.144067
55	10	31.168319
55	20	13.215564
55	30	14.036927
55	40	12.641104
55	50	15.196758
55	60	21.898189
55	70	25.436091
55	80	22.508808
55	90	19.460654
55	100	24.643974
55	110	25.091991
55	120	20.492179
55	130	20.258820
55	140	26.903257
55	150	59.555474
55	160	42.906339
55	170	40.991906
55	180	42.045519
60	0	48.009471
60	10	33.175943
60	20	11.157850
60	30	14.134204
60	40	13.901815
60	50	12.265865
60	60	22.780009
60	70	18.568910
60	80	22.429993
60	90	19.955356
60	100	20.629855
60	110	18.147133
60	120	22.545189
60	130	18.274171
60	140	18.684663
60	150	47.659362
60	160	37.791596
60	170	39.765054
60	180	43.233963
65	0	50.848334
65	10	24.373477
65	20	8.938337
65	30	8.273858
65	40	7.979257
65	50	7.430132
65	60	14.252790
65	70	14.938524
65	80	14.441135
65	90	17.854861
65	100	13.862489
65	110	15.142596
65	120	16.050779
65	130	18.117162
65	140	15.755711
65	150	44.258075
65	160	40.793193
65	170	38.797097
65	180	28.741854
70	0	36.816475
70	10	7.513416
70	20	3.540654
70	30	9.077044
70	40	8.211865
70	50	9.998814
70	60	16.248665
70	70	17.784359
70	80	14.294422
70	90	14.480544
70	100	15.922914
70	110	17.318835
70	120	15.597006
70	130	14.200824
70	140	30.767134
70	150	33.652317
70	160	40.446251
70	170	37.607601
70	180	13.245830
75	0	40.224799
75	10	3.750264
75	20	3.590094
75	30	12.454040
75	40	11.476330
75	50	9.231740
75	60	16.488506
75	70	14.029066
75	80	16.181343
75	90	12.454833
75	100	14.951439
75	110	13.180362
75	120	14.028845
75	130	12.066925
75	140	32.230870
75	150	48.588353
75	160	42.069673
75	170	46.804393
75	180	0.000000
80	0	57.017717
80	10	7.427981
80	20	5.751736
80	30	14.837502
80	40	12.134122
80	50	10.988708
80	60	13.545965
80	70	13.518762
80	80	14.050628
80	90	12.996620
80	100	13.005446
80	110	12.107176
80	120	12.684420
80	130	12.354100
80	140	39.521020
80	150	60.225697
80	160	58.575829
80	170	44.735822
80	180	0.000000
10	0
0	0	19.980644
5	0	14.869212
5	10	11.905706
5	20	12.268256
5	30	21.208619
5	40	17.230683
5	50	19.866595
5	60	19.004019
5	70	20.122360
5	80	18.476786
5	90	18.540611
5	100	21.000976
5	110	18.892185
5	120	22.359072
5	130	18.956218
5	140	22.087667
10	0	10.097435
10	10	12.831831
10	20	10.208833
10	30	16.346804
10	40	19.950872
10	50	18.173095
10	60	51.772543
10	70	47.425198
10	80	45.582907
10	90	47.409069
10	100	41.688069
10	110	50.964541
10	120	16.363078
10	130	41.930468
10	140	19.547008
15	0	10.447776
15	10	9.259690
15	20	6.905120
15	30	7.997491
15	40	19.434228
15	50	17.704266
15	60	46.209985
15	70	48.648488
15	80	47.907142
15	90	50.493954
15	100	48.286111
15	110	43.639567
15	120	18.561066
15	130	42.552303
15	140	41.118959
20	0	18.880917
20	10	15.654401
20	20	5.747762
20	30	6.599571
20	40	14.014501
20	50	20.840366
20	60	40.470878
20	70	49.125557
20	80	43.282321
20	90	39.640816
20	100	45.450263
20	110	41.910448
20	120	21.568620
20	130	39.725704
20	140	44.078678
25	0	76.750499
25	10	83.423148
25	20	34.672686
25	30	4.541856
25	40	5.258302
25	50	4.422320
25	60	28.012364
25	70	24.382387
25	80	22.657916
25	90	48.300309
25	100	53.744036
25	110	60.768446
25	120	39.378841
25	130	29.383845
25	140	26.693618
25	150	44.437512
25	160	68.848084
25	170	72.887105
25	180	67.443290
30	0	80.319725
30	10	74.254225
30	20	13.349749
30	30	3.900064
30	40	4.278441
30	50	3.978794
30	60	22.066682
30	70	19.973433
30	80	21.502360
30	90	23.369454
30	100	24.883917
30	110	19.583680
30	120	5.428862
30	130	20.065284
30	140	18.664872
30	150	35.516074
30	160	81.054812
30	170	84.730356
30	180	81.054830
35	0	67.428816
35	10	69.564730
35	20	4.231531
35	30	4.447021
35	40	3.642767
35	50	4.390754
35	60	16.948332
35	70	22.398095
35	80	21.430578
35	90	16.742188
35	100	19.120248
35	110	19.695470
35	120	13.979215
35	130	16.851050
35	140	18.764810
35	150	42.641955
35	160	67.234407
35	170	64.708549
35	180	68.400025
40	0	63.168880
40	10	64.206028
40	20	4.482736
40	30	4.493041
40	40	4.836014
40	50	4.085931
40	60	20.061065
40	70	15.403061
40	80	15.633594
40	90	19.250710
40	100	14.848253
40	110	17.266520
40	120	14.064907
40	130	19.026244
40	140	18.500523
40	150	40.727527
40	160	54.027101
40	170	58.597907
40	180	61.090989
45	0	65.281801
45	10	55.827219
45	20	6.962574
45	30	7.676187
45	40	7.662682
45	50	8.009214
45	60	17.656351
45	70	18.196586
45	80	17.993857
45	90	18.383424
45	100	21.808970
45	110	16.841475
45	120	19.495134
45	130	18.608278
45	140	17.350108
45	150	35.233114
45	160	64.831418
45	170	67.532434
45	180	56.503514
50	0	66.786569
50	10	39.104168
50	20	14.675914
50	30	16.773021
50	40	14.727959
50	50	15.591914
50	60	23.327295
50	70	27.870826
50	80	27.675196
50	90	21.977894
50	100	23.805017
50	110	26.927267
50	120	26.082824
50	130	21.172794
50	140	24.639111
50	150	62.206344
50	160	52.054252
50	170	51.113367
50	180	57.204256
55	0	60.359994
55	10	34.109920
55	20	17.885938
55	30	15.988070
55	40	15.976885
55	50	13.343731
55	60	21.754428
55	70	22.378754
55	80	23.005827
55	90	28.319506
55	100	21.415599
55	110	24.412613
55	120	20.744879
55	130	26.959946
55	140	29.467794
55	150	68.101857
55	160	40.603381
55	170	42.295971
55	180	45.514051
60	0	52.020653
60	10	34.067657
60	20	13.950074
60	30	11.906722
60	40	11.556390
60	50	12.972952
60	60	24.970459
60	70	20.638436
60	80	20.141695
60	90	19.878198
60	100	25.106278
60	110	19.081882
60	120	22.414714
60	130	22.457495
60	140	20.316638
60	150	48.487317
60	160	47.627403
60	170	49.664459
60	180	42.183540
65	0	51.677742
65	10	28.479143
65	20	8.990002
65	30	11.177832
65	40	10.803732
65	50	10.495092
65	60	18.307748
65	70	20.753375
65	80	20.760485
65	90	16.574898
65	100	17.185543
65	110	20.226868
65	120	19.289246
65	130	14.980804
65	140	19.579573
65	150	44.973601
65	160	44.521284
65	170	39.173671
65	180	34.315294
70	0	46.636162
70	10	8.426144
70	20	3.462928
70	30	11.865312
70	40	10.134371
70	50	10.725467
70	60	17.179801
70	70	15.923510
70	80	16.854191
70	90	18.529221
70	100	15.830000
70	110	16.109101
70	120	15.550565
70	130	15.969090
70	140	27.835323
70	150	48.868677
70	160	38.305552
70	170	42.586512
70	180	16.148347
75	0	42.439491
75	10	4.737131
75	20	4.339463
75	30	11.348099
75	40	12.584208
75	50	10.924144
75	60	16.981444
75	70	15.013522
75	80	16.427708
75	90	13.660343
75	100	13.414471
75	110	16.242768
75	120	15.135518
75	130	16.856909
75	140	38.871872
75	150	49.387218
75	160	47.111777
75	170	40.408852
75	180	1.656867
80	0	58.943581
80	10	9.141226
80	20	6.799493
80	30	20.264858
80	40	18.331121
80	50	14.124382
80	60	17.249992
80	70	18.147887
80	80	16.654188
80	90	14.646368
80	100	14.408160
80	110	16.213398
80	120	15.846289
80	130	13.572929
80	140	41.344489
80	150	59.950818
80	160	65.082984
80	170	54.267254
80	180	0.534048
20	0
0	0	16.504334
5	0	14.210717
5	10	11.926204
5	20	11.911841
5	30	19.387035
5	40	22.103132
5	50	21.879400
5	60	21.559794
5	70	17.869255
5	80	21.416071
5	90	19.482829
5	100	17.262125
5	110	20.042095
5	120	17.981217
5	130	17.917408
5	140	18.045314
5	150	19.211615
5	160	9.849398
5	170	12.309747
5	180	10.277403
10	0	9.945279
10	10	10.716144
10	20	8.676494
10	30	16.120178
10	40	16.944680
10	50	17.477865
10	60	45.986722
10	70	47.925882
10	80	40.200965
10	90	42.318026
10	100	52.257164
10	110	47.101751
10	120	18.851664
10	130	41.800873
10	140	23.441490
15	0	9.943483
15	10	10.704552
15	20	8.656436
15	30	7.819359
15	40	18.247757
15	50	15.891507
15	60	39.058798
15	70	45.221105
15	80	43.128518
15	90	43.177949
15	100	41.447904
15	110	40.690097
15	120	17.358135
15	130	41.926015
15	140	37.658556
20	0	19.676902
20	10	15.488352
20	20	5.495199
20	30	6.380983
20	40	16.250056
20	50	20.213599
20	60	44.484723
20	70	38.573740
20	80	44.992729
20	90	42.130272
20	100	37.489743
20	110	39.877781
20	120	18.079497
20	130	35.999430
20	140	38.963729
25	0	71.657901
25	10	70.428118
25	20	37.903786
25	30	4.907016
25	40	4.777048
25	50	5.240513
25	60	24.672123
25	70	26.672264
25	80	23.305770
25	90	47.422076
25	100	64.280396
25	110	58.485383
25	120	45.437196
25	130	26.029556
25	140	27.724314
30	0	63.412490
30	10	71.681357
30	20	14.654524
30	30	4.109514
30	40	4.905192
30	50	4.015604
30	60	18.448016
30	70	21.318528
30	80	19.388877
30	90	20.654894
30	100	19.532131
30	110	21.438020
30	120	6.040800
30	130	22.761264
30	140	19.076549
35	0	75.977852
35	10	70.536327
35	20	4.085831
35	30	3.907257
35	40	3.852681
35	50	4.301457
35	60	20.410524
35	70	16.734436
35	80	20.328804
35	90	20.725122
35	100	17.569698
35	110	16.060086
35	120	11.597017
35	130	15.352959
35	140	16.192282
35	150	39.842281
35	160	68.400278
35	170	71.897597
35	180	56.742817
40	0	60.260440
40	10	54.856965
40	20	3.841000
40	30	4.950366
40	40	4.148426
40	50	4.856770
40	60	16.626841
40	70	18.236852
40	80	16.992336
40	90	15.134778
40	100	18.436054
40	110	16.474864
40	120	14.434599
40	130	15.602242
40	140	18.245100
40	150	31.228730
40	160	51.533957
40	170	56.935977
40	180	58.805732
45	0	54.703354
45	10	52.136283
45	20	7.692280
45	30	8.261573
45	40	9.209268
45	50	7.194653
45	60	16.076543
45	70	18.365463
45	80	16.350870
45	90	17.381619
45	100	16.611894
45	110	20.087115
45	120	20.631671
45	130	20.240011
45	140	18.180583
45	150	39.847280
45	160	55.603221
45	170	56.278615
45	180	62.130604
50	0	65.771751
50	10	39.921747
50	20	15.423941
50	30	12.678119
50	40	13.849223
50	50	13.519814
50	60	24.515830
50	70	20.611260
50	80	24.327530
50	90	26.243839
50	100	21.722741
50	110	20.950003
50	120	22.247457
50	130	20.417561
50	140	21.717467
50	150	60.473111
50	160	52.945517
50	170	50.816345
50	180	43.908075
55	0	58.640351
55	10	31.974060
55	20	13.988008
55	30	16.132906
55	40	12.772562
55	50	16.155129
55	60	25.189743
55	70	25.900090
55	80	24.834352
55	90	21.770827
55	100	26.429602
55	110	21.444041
55	120	20.624592
55	130	21.906930
55	140	27.086920
55	150	50.204570
55	160	38.494464
55	170	43.794491
55	180	47.040154
60	0	49.443202
60	10	29.007357
60	20	11.970966
60	30	14.014548
60	40	13.530599
60	50	11.054027
60	60	18.346612
60	70	21.555080
60	80	18.215751
60	90	19.205291
60	100	19.996800
60	110	23.588131
60	120	23.367097
60	130	23.485317
60	140	22.292642
60	150	55.617395
60	160	42.693536
60	170	42.311596
60	180	44.889206
65	0	45.954588
65	10	28.517707
65	20	10.634281
65	30	8.514866
65	40	10.137977
65	50	9.201586
65	60	17.531798
65	70	14.987244
65	80	18.637982
65	90	19.550131
65	100	15.278986
65	110	17.191154
65	120	17.089840
65	130	17.641763
65	140	15.191790
65	150	45.425445
65	160	42.525259
65	170	39.286562
65	180	26.218480
70	0	42.077344
70	10	8.706673
70	20	4.012027
70	30	10.921988
70	40	9.125523
70	50	10.200491
70	60	16.622057
70	70	18.204089
70	80	17.459265
70	90	15.597527
70	100	18.482320
70	110	16.295045
70	120	15.922421
70	130	17.225367
70	140	28.533209
70	150	39.189597
70	160	39.515189
70	170	39.003312
70	180	19.430376
75	0	43.917223
75	10	4.501109
75	20	4.204105
75	30	14.037091
75	40	11.220723
75	50	9.559798
75	60	16.736088
75	70	15.505716
75	80	13.906751
75	90	15.136188
75	100	15.443492
75	110	16.181017
75	120	15.196813
75	130	16.487749
75	140	42.930160
75	150	50.616882
75	160	44.467331
75	170	44.590316
75	180	2.878488
80	0	57.113128
80	10	9.643855
80	20	8.600103
80	30	18.424534
80	40	16.417355
80	50	12.970398
80	60	16.645610
80	70	14.253302
80	80	16.433954
80	90	16.452129
80	100	14.297836
80	110	15.974760
80	120	14.883467
80	130	14.095080
80	140	42.077507
80	150	58.850406
80	160	62.608151
80	170	49.959375
80	180	3.036651
30	0
0	0	17.594577
5	0	13.395687
5	10	15.233168
5	20	11.055336
5	30	22.150709
5	40	20.217626
5	50	22.102796
5	60	22.022979
5	70	23.748306
5	80	22.342409
5	90	22.773737
5	100	20.521032
5	110	19.482621
5	120	19.211072
5	130	21.447800
5	140	22.646086
5	150	17.821375
5	160	11.782130
5	170	11.494668
5	180	14.098644
10	0	13.730076
10	10	10.576965
10	20	10.638393
10	30	17.041275
10	40	21.517941
10	50	17.784746
10	60	46.826917
10	70	50.026620
10	80	53.905264
10	90	51.254777
10	100	54.567898
10	110	49.655030
10	120	18.932033
10	130	38.956195
10	140	22.342201
10	150	18.479799
10	160	10.119689
10	170	14.349059
10	180	12.079794
15	0	10.981414
15	10	11.337299
15	20	9.359886
15	30	8.690972
15	40	16.979050
15	50	19.335087
15	60	44.611376
15	70	41.052326
15	80	42.502230
15	90	40.722738
15	100	45.566939
15	110	49.653284
15	120	21.295809
15	130	43.243939
15	140	39.602537
15	150	22.433030
15	160	14.952519
15	170	13.601065
15	180	13.732765
20	0	20.428884
20	10	17.725617
20	20	4.990360
20	30	7.087168
20	40	16.741108
20	50	20.704634
20	60	46.788144
20	70	44.890955
20	80	44.044126
20	90	50.090571
20	100	41.605211
20	110	38.167085
20	120	17.825273
20	130	45.788815
20	140	45.399486
25	0	70.428680
25	10	76.574522
25	20	42.434596
25	30	5.677935
25	40	6.136237
25	50	5.682975
25	60	26.735430
25	70	30.279042
25	80	30.540663
25	90	51.285225
25	100	66.036371
25	110	67.616914
25	120	44.962931
25	130	26.902240
25	140	29.153676
30	0	83.076866
30	10	82.340529
30	20	15.114130
30	30	4.491824
30	40	4.429266
30	50	4.763555
30	60	19.918153
30	70	22.275948
30	80	22.711406
30	90	21.077653
30	100	24.444361
30	110	26.561464
30	120	7.082628
30	130	19.929143
30	140	19.398176
35	0	72.869525
35	10	68.205150
35	20	3.681975
35	30	4.567929
35	40	4.418207
35	50	4.457007
35	60	21.329624
35	70	22.891539
35	80	17.484268
35	90	22.953538
35	100	17.254925
35	110	17.491962
35	120	13.176594
35	130	19.977174
35	140	19.644818
40	0	57.144467
40	10	62.544700
40	20	5.299843
40	30	5.686363
40	40	5.771255
40	50	5.457472
40	60	18.660852
40	70	16.707765
40	80	18.357229
40	90	16.169412
40	100	17.393172
40	110	16.323052
40	120	14.870858
40	130	18.188838
40	140	19.246430
45	0	74.060943
45	10	57.628955
45	20	8.253155
45	30	8.739190
45	40	8.252975
45	50	8.716457
45	60	17.397803
45	70	17.863671
45	80	21.656029
45	90	18.952716
45	100	22.319674
45	110	22.963400
45	120	22.348912
45	130	17.203672
45	140	22.054148
45	150	43.673714
45	160	53.352677
45	170	60.780377
45	180	59.429948
50	0	64.336655
50	10	37.347611
50	20	13.424018
50	30	14.030616
50	40	13.485581
50	50	13.228009
50	60	24.035722
50	70	28.294372
50	80	21.866449
50	90	27.905242
50	100	22.210342
50	110	21.779466
50	120	24.270284
50	130	24.535168
50	140	27.090511
50	150	58.071430
50	160	60.918645
50	170	53.540106
50	180	54.728517
55	0	56.366389
55	10	38.273952
55	20	18.509098
55	30	18.225974
55	40	17.517935
55	50	17.845126
55	60	22.953591
55	70	25.644788
55	80	25.109083
55	90	21.831844
55	100	23.474459
55	110	24.558761
55	120	21.901436
55	130	27.925848
55	140	22.680567
55	150	62.441524
55	160	45.931184
55	170	48.539424
55	180	50.592096
60	0	64.819320
60	10	31.682720
60	20	13.872747
60	30	14.216105
60	40	14.706015
60	50	13.690117
60	60	26.498986
60	70	19.715481
60	80	25.120080
60	90	21.910890
60	100	26.014385
60	110	24.712656
60	120	25.714855
60	130	19.728083
60	140	26.016868
60	150	57.017990
60	160	39.287652
60	170	46.290661
60	180	44.443700
65	0	44.902463
65	10	27.352378
65	20	8.958507
65	30	9.455485
65	40	8.923541
65	50	8.809456
65	60	18.099940
65	70	19.963216
65	80	15.762754
65	90	20.893746
65	100	16.674059
65	110	15.711465
65	120	17.398506
65	130	16.721129
65	140	18.886232
65	150	45.387740
65	160	49.982096
65	170	40.265816
65	180	33.599900
70	0	42.312898
70	10	10.761884
70	20	4.662556
70	30	13.413328
70	40	11.658185
70	50	11.415800
70	60	18.251335
70	70	19.786355
70	80	17.924570
70	90	17.319240
70	100	16.434786
70	110	18.156341
70	120	16.108580
70	130	19.505435
70	140	29.231174
70	150	49.752767
70	160	43.796349
70	170	45.052826
70	180	21.822436
75	0	53.329770
75	10	4.902220
75	20	5.690926
75	30	12.594121
75	40	13.417601
75	50	12.820236
75	60	18.273917
75	70	15.075808
75	80	17.781182
75	90	16.427566
75	100	17.288163
75	110	17.963944
75	120	18.394307
75	130	16.303283
75	140	45.205490
75	150	49.817458
75	160	47.480555
75	170	48.771811
75	180	3.290538
80	0	49.877300
80	10	10.620627
80	20	7.765266
80	30	17.749450
80	40	16.831667
80	50	15.510965
80	60	17.865318
80	70	16.929928
80	80	15.985153
80	90	18.037563
80	100	14.893512
80	110	15.598879
80	120	15.910116
80	130	15.845290
80	140	45.835207
80	150	57.842298
80	160	65.357643
80	170	50.051231
80	180	4.085435
40	0
0	0	16.568950
5	0	13.778926
5	10	12.711934
5	20	13.311029
5	30	17.916929
5	40	19.131318
5	50	18.460091
5	60	19.019245
5	70	17.645252
5	80	19.929781
5	90	20.504992
5	100	18.795529
5	110	21.032193
5	120	21.719285
5	130	18.012770
5	140	21.671437
5	150	18.715951
5	160	10.315379
5	170	10.551907
5	180	12.788364
10	0	12.500223
10	10	10.273122
10	20	9.166011
10	30	20.095658
10	40	19.934161
10	50	16.895874
10	60	52.289211
10	70	52.402274
10	80	46.842803
10	90	50.155795
10	100	47.925656
10	110	39.085483
10	120	16.006840
10	130	38.471284
10	140	19.530055
10	150	17.833181
10	160	11.994141
10	170	11.286353
10	180	11.788686
15	0	8.636730
15	10	11.060437
15	20	7.460162
15	30	8.227954
15	40	16.155072
15	50	19.895319
15	60	38.284119
15	70	40.112992
15	80	41.184059
15	90	38.185208
15	100	43.754378
15	110	47.906647
15	120	18.708848
15	130	44.084065
15	140	39.569451
15	150	18.313550
15	160	11.969865
15	170	15.693503
15	180	12.216821
20	0	17.925862
20	10	14.631547
20	20	6.050764
20	30	6.223419
20	40	15.335428
20	50	17.283360
20	60	41.859400
20	70	37.913014
20	80	41.740672
20	90	45.128004
20	100	39.505067
20	110	40.809159
20	120	18.892181
20	130	37.455819
20	140	44.467753
20	150	22.008929
20	160	22.246215
20	170	22.872559
20	180	26.751180
25	0	74.994770
25	10	75.696640
25	20	38.852403
25	30	5.734200
25	40	5.822021
25	50	5.305506
25	60	26.976083
25	70	28.210485
25	80	25.488420
25	90	47.597456
25	100	60.241200
25	110	54.446170
25	120	37.446801
25	130	28.141980
25	140	21.093143
25	150	44.363651
25	160	73.589291
25	170	66.740875
25	180	68.321295
30	0	66.353498
30	10	67.822643
30	20	13.570814
30	30	4.339638
30	40	4.269656
30	50	5.098230
30	60	23.617699
30	70	19.195894
30	80	18.986297
30	90	19.673565
30	100	20.759591
30	110	24.227523
30	120	6.457715
30	130	20.383070
30	140	22.755696
35	0	68.790047
35	10	67.234349
35	20	4.350827
35	30	4.533364
35	40	4.134871
35	50	3.866611
35	60	19.153686
35	70	17.970212
35	80	20.076127
35	90	21.117553
35	100	17.177189
35	110	15.982349
35	120	12.284850
35	130	16.203959
35	140	17.490233
40	0	60.885159
40	10	61.298917
40	20	4.197375
40	30	5.128003
40	40	5.418641
40	50	5.208469
40	60	14.690749
40	70	18.847838
40	80	16.593433
40	90	14.470043
40	100	18.633469
40	110	16.651461
40	120	14.156323
40	130	17.960528
40	140	14.603115
45	0	57.856532
45	10	50.202493
45	20	7.171605
45	30	7.938967
45	40	7.861945
45	50	8.224097
45	60	21.233600
45	70	17.003959
45	80	16.852954
45	90	20.046713
45	100	16.614145
45	110	19.213718
45	120	21.205623
45	130	19.474900
45	140	21.473602
50	0	62.357554
50	10	35.640698
50	20	15.792620
50	30	14.722735
50	40	12.874942
50	50	12.431266
50	60	22.756198
50	70	22.609683
50	80	26.466952
50	90	22.997887
50	100	22.564412
50	110	20.410306
50	120	20.927719
50	130	23.609288
50	140	21.450355
55	0	57.922598
55	10	36.278329
55	20	14.479283
55	30	16.440515
55	40	16.861727
55	50	16.941413
55	60	21.425347
55	70	26.139199
55	80	21.837949
55	90	21.202191
55	100	25.556711
55	110	26.888412
55	120	22.056712
55	130	25.591257
55	140	25.430653
55	150	59.445010
55	160	40.604020
55	170	45.987152
55	180	43.794547
60	0	50.562125
60	10	28.884712
60	20	11.939995
60	30	11.910500
60	40	12.434846
60	50	12.064814
60	60	24.596174
60	70	18.480897
60	80	20.008342
60	90	24.155461
60	100	18.168460
60	110	19.134339
60	120	23.218192
60	130	23.378015
60	140	21.888707
60	150	47.246068
60	160	40.975013
60	170	40.879807
60	180	43.266526
65	0	48.032513
65	10	26.528205
65	20	11.023282
65	30	10.026773
65	40	8.642666
65	50	8.516613
65	60	16.355552
65	70	18.047330
65	80	19.448575
65	90	15.031697
65	100	17.999627
65	110	16.577806
65	120	14.791657
65	130	16.422341
65	140	15.651568
65	150	47.836045
65	160	44.559538
65	170	39.927410
65	180	31.943419
70	0	39.992398
70	10	9.404154
70	20	3.805468
70	30	10.866888
70	40	11.032506
70	50	11.612894
70	60	16.018821
70	70	17.087916
70	80	15.970449
70	90	17.505543
70	100	16.993485
70	110	16.946593
70	120	16.853237
70	130	14.433577
70	140	32.907679
70	150	38.538431
70	160	38.212852
70	170	41.377136
70	180	15.568830
75	0	44.113975
75	10	5.027032
75	20	4.843421
75	30	13.951942
75	40	10.689887
75	50	10.380234
75	60	18.889988
75	70	15.691123
75	80	16.366996
75	90	15.566785
75	100	13.598648
75	110	15.012741
75	120	17.656505
75	130	16.241864
75	140	40.778184
75	150	48.895577
75	160	43.299504
75	170	40.716845
75	180	3.327951
80	0	56.305513
80	10	7.845005
80	20	9.364495
80	30	17.351361
80	40	14.653902
80	50	12.506896
80	60	17.243393
80	70	18.021010
80	80	16.617994
80	90	15.673045
80	100	15.782571
80	110	17.321849
80	120	15.965044
80	130	14.654122
80	140	41.445060
80	150	66.366374
80	160	57.659137
80	170	52.526329
80	180	3.444327
50	0
0	0	17.505024
5	0	12.916238
5	10	15.121190
5	20	11.651060
5	30	22.342249
5	40	20.473119
5	50	22.613894
5	60	20.536912
5	70	20.552841
5	80	18.619742
5	90	22.022659
5	100	20.760453
5	110	20.824406
5	120	20.489015
5	130	19.945869
5	140	20.377261
5	150	23.700329
5	160	13.027977
5	170	11.254641
5	180	11.224190
10	0	12.112326
10	10	10.577014
10	20	11.902120
10	30	18.996709
10	40	21.421039
10	50	17.429058
10	60	54.519383
10	70	54.179969
10	80	56.119275
10	90	54.309128
10	100	46.422601
10	110	50.915282
10	120	18.269270
10	130	40.652875
10	140	23.343893
10	150	17.736150
10	160	10.059457
10	170	13.786123
10	180	12.952101
15	0	11.343923
15	10	10.813382
15	20	7.728785
15	30	8.608653
15	40	16.781212
15	50	19.796424
15	60	44.644330
15	70	44.084032
15	80	42.782255
15	90	41.546387
15	100	51.712637
15	110	45.533854
15	120	19.862118
15	130	42.386826
15	140	42.403237
15	150	19.598569
15	160	14.820226
15	170	14.292651
15	180	16.505668
20	0	16.398220
20	10	18.144399
20	20	5.702067
20	30	7.917330
20	40	18.689056
20	50	21.737921
20	60	42.384546
20	70	41.910143
20	80	42.401229
20	90	46.584630
20	100	39.166227
20	110	42.333396
20	120	21.009227
20	130	46.245875
20	140	43.705456
20	150	26.530916
20	160	24.905056
20	170	24.142607
20	180	23.566769
25	0	88.516941
25	10	72.887403
25	20	33.566847
25	30	4.951462
25	40	5.586917
25	50	4.950988
25	60	29.727897
25	70	29.164072
25	80	27.753851
25	90	50.407202
25	100	56.904594
25	110	63.050999
25	120	40.660305
25	130	23.770903
25	140	29.627624
25	150	37.851823
25	160	68.496412
25	170	80.613543
25	180	87.286666
30	0	74.624112
30	10	77.563356
30	20	15.390677
30	30	5.097238
30	40	4.611738
30	50	5.767396
30	60	20.139071
30	70	19.883346
30	80	19.962241
30	90	20.090664
30	100	22.759022
30	110	22.143427
30	120	6.439246
30	130	22.744430
30	140	19.210522
30	150	46.388078
30	160	85.465278
30	170	78.114410
30	180	67.639124
35	0	64.710900
35	10	65.680923
35	20	4.305129
35	30	4.854529
35	40	5.308960
35	50	4.337168
35	60	19.814474
35	70	21.020738
35	80	22.804088
35	90	21.432385
35	100	21.750908
35	110	17.785363
35	120	11.682466
35	130	20.332554
35	140	20.282077
35	150	38.408384
35	160	60.240136
35	170	65.291814
35	180	68.594686
40	0	75.014286
40	10	63.585713
40	20	4.848812
40	30	5.000022
40	40	4.864644
40	50	4.766497
40	60	19.091439
40	70	18.486706
40	80	16.855463
40	90	17.707079
40	100	15.024705
40	110	19.892632
40	120	19.146704
40	130	14.725611
40	140	17.179301
45	0	56.283027
45	10	59.882964
45	20	7.459188
45	30	10.382268
45	40	8.486532
45	50	10.007205
45	60	17.569693
45	70	17.719954
45	80	18.575056
45	90	17.917465
45	100	21.784256
45	110	18.047876
45	120	18.799618
45	130	22.605817
45	140	18.550027
50	0	71.224770
50	10	35.915882
50	20	15.963539
50	30	14.239170
50	40	17.110246
50	50	12.580678
50	60	27.805345
50	70	27.871583
50	80	28.178114
50	90	28.913276
50	100	24.760832
50	110	23.797639
50	120	22.931010
50	130	22.970676
50	140	30.601965
55	0	62.866177
55	10	39.695695
55	20	16.693919
55	30	15.996195
55	40	15.273262
55	50	16.972979
55	60	24.836195
55	70	25.232162
55	80	21.974002
55	90	22.270715
55	100	21.918001
55	110	27.895852
55	120	27.969384
55	130	23.430590
55	140	22.556395
60	0	49.582176
60	10	32.805876
60	20	12.259673
60	30	15.854401
60	40	12.577032
60	50	13.867756
60	60	20.704069
60	70	20.066564
60	80	22.478704
60	90	22.557905
60	100	26.105504
60	110	19.048332
60	120	18.955035
60	130	25.112104
60	140	24.222300
65	0	57.947144
65	10	27.214169
65	20	11.760989
65	30	9.458588
65	40	11.855002
65	50	8.809708
65	60	21.690929
65	70	21.372757
65	80	20.338848
65	90	19.557456
65	100	16.816987
65	110	19.343028
65	120	19.646878
65	130	15.290604
65	140	19.180807
65	150	50.623433
65	160	40.832023
65	170	45.275930
65	180	30.927636
70	0	38.564508
70	10	10.212725
70	20	4.444303
70	30	12.063281
70	40	11.612550
70	50	10.581533
70	60	16.531623
70	70	18.205476
70	80	17.041163
70	90	16.575123
70	100	18.157072
70	110	17.737849
70	120	17.132733
70	130	18.668376
70	140	28.999236
70	150	43.332216
70	160	48.870021
70	170	39.842326
70	180	21.642378
75	0	48.378743
75	10	6.145216
75	20	5.010921
75	30	13.798493
75	40	12.280102
75	50	12.375409
75	60	19.198872
75	70	15.753249
75	80	16.305934
75	90	18.641816
75	100	18.087957
75	110	17.103716
75	120	17.164932
75	130	15.443080
75	140	45.944128
75	150	50.003049
75	160	42.808263
75	170	49.449664
75	180	3.488471
80	0	59.086927
80	10	8.539648
80	20	10.571977
80	30	19.650833
80	40	17.967036
80	50	14.974341
80	60	20.910933
80	70	17.911823
80	80	17.113227
80	90	16.397567
80	100	16.241087
80	110	19.531060
80	120	19.374900
80	130	14.077162
80	140	41.161640
80	150	71.132823
80	160	67.191523
80	170	49.685789
80	180	4.215015
60	0
0	0	16.939393
5	0	15.440428
5	10	15.087688
5	20	13.886143
5	30	17.932841
5	40	19.706289
5	50	21.144011
5	60	22.086612
5	70	20.984184
5	80	17.693005
5	90	18.587709
5	100	22.773513
5	110	20.329141
5	120	19.897781
5	130	17.629148
5	140	19.626184
5	150	20.600833
5	160	10.315075
5	170	10.919091
5	180	12.899959
10	0	11.611351
10	10	10.418716
10	20	9.091768
10	30	19.158416
10	40	16.491913
10	50	15.926262
10	60	51.141827
10	70	51.497224
10	80	53.872878
10	90	44.111527
10	100	43.077157
10	110	48.394035
10	120	19.529732
10	130	38.648780
10	140	20.709567
10	150	16.830907
10	160	12.645026
10	170	13.601823
10	180	13.873214
15	0	9.052245
15	10	9.767410
15	20	7.913623
15	30	10.289399
15	40	21.806824
15	50	20.224940
15	60	39.783734
15	70	38.877338
15	80	43.309550
15	90	51.333734
15	100	42.156017
15	110	45.632666
15	120	16.698316
15	130	46.835383
15	140	45.171279
15	150	19.977390
15	160	12.447251
15	170	13.468673
15	180	12.840803
20	0	19.796222
20	10	18.229473
20	20	6.205533
20	30	5.670157
20	40	14.421241
20	50	19.485515
20	60	46.313927
20	70	43.908750
20	80	37.489523
20	90	39.166176
20	100	48.108834
20	110	39.572561
20	120	20.992087
20	130	39.081424
20	140	40.029891
20	150	21.822199
20	160	21.483579
20	170	22.888988
20	180	27.868458
25	0	83.776138
25	10	75.170887
25	20	31.179262
25	30	5.610414
25	40	5.525929
25	50	4.605304
25	60	25.959629
25	70	27.116658
25	80	29.580193
25	90	49.880360
25	100	54.621742
25	110	56.377665
25	120	40.467049
25	130	24.501362
25	140	24.919379
25	150	39.894057
25	160	79.559526
25	170	78.681538
25	180	70.603673
30	0	65.987728
30	10	74.807833
30	20	15.851165
30	30	5.362703
30	40	5.253797
30	50	5.431564
30	60	19.518109
30	70	24.838175
30	80	19.543360
30	90	25.063779
30	100	21.246635
30	110	24.971744
30	120	5.612252
30	130	24.400108
30	140	23.935172
30	150	36.590780
30	160	72.049516
30	170	73.887298
30	180	67.822643
35	0	68.015443
35	10	65.099659
35	20	4.376337
35	30	3.901662
35	40	3.885652
35	50	4.522309
35	60	22.224029
35	70	20.774258
35	80	18.854378
35	90	18.471370
35	100	21.420611
35	110	16.907161
35	120	11.973846
35	130	16.442744
35	140	16.745957
35	150	44.340070
35	160	59.074052
35	170	62.765742
35	180	68.011596
40	0	68.784126
40	10	62.133768
40	20	3.859886
40	30	5.211461
40	40	5.619859
40	50	4.314307
40	60	15.557893
40	70	15.923245
40	80	18.332692
40	90	19.215515
40	100	14.569769
40	110	15.384113
40	120	18.429904
40	130	15.627236
40	140	15.334333
40	150	35.932546
40	160	62.753376
40	170	66.077756
40	180	66.701146
45	0	55.836830
45	10	57.410718
45	20	9.048967
45	30	9.747432
45	40	8.051045
45	50	9.744869
45	60	18.990498
45	70	21.591692
45	80	16.833093
45	90	17.937992
45	100	19.364724
45	110	22.002560
45	120	18.387813
45	130	21.183340
45	140	21.968934
45	150	35.818837
45	160	58.304957
45	170	57.854912
45	180	50.427460
50	0	64.570464
50	10	33.420533
50	20	14.172342
50	30	12.909923
50	40	13.992267
50	50	13.200847
50	60	26.191669
50	70	21.176867
50	80	27.314387
50	90	21.289810
50	100	25.308253
50	110	22.500283
50	120	21.004772
50	130	21.133549
50	140	24.629776
55	0	63.985524
55	10	37.067949
55	20	14.183491
55	30	17.468167
55	40	16.704605
55	50	14.493828
55	60	21.099243
55	70	24.627781
55	80	22.704324
55	90	25.778222
55	100	20.497035
55	110	21.527978
55	120	26.067521
55	130	22.698131
55	140	22.351228
60	0	48.355728
60	10	33.996005
60	20	15.438698
60	30	13.583811
60	40	11.446681
60	50	14.432899
60	60	25.138959
60	70	23.030605
60	80	20.142643
60	90	23.592680
60	100	24.165908
60	110	24.891483
60	120	22.281628
60	130	24.049012
60	140	24.977076
65	0	49.798883
65	10	28.062218
65	20	8.962529
65	30	9.664799
65	40	11.204762
65	50	8.385231
65	60	16.604212
65	70	15.440289
65	80	20.447548
65	90	15.521907
65	100	17.159615
65	110	16.639774
65	120	15.102873
65	130	15.255092
65	140	17.185355
70	0	45.165513
70	10	9.939944
70	20	4.388648
70	30	11.848713
70	40	11.370518
70	50	10.192725
70	60	16.253751
70	70	17.787556
70	80	16.390239
70	90	16.994448
70	100	15.179118
70	110	16.900715
70	120	17.784843
70	130	15.411755
70	140	32.583129
75	0	41.617062
75	10	6.066383
75	20	4.662565
75	30	14.484248
75	40	11.927964
75	50	10.754104
75	60	18.277686
75	70	15.877532
75	80	14.830495
75	90	13.968883
75	100	14.644744
75	110	17.719166
75	120	17.780567
75	130	16.489225
75	140	36.782601
75	150	45.207550
75	160	46.314721
75	170	45.945789
75	180	2.955200
80	0	59.374261
80	10	7.961588
80	20	9.983469
80	30	18.416734
80	40	17.733566
80	50	14.033590
80	60	17.319649
80	70	16.052207
80	80	18.589520
80	90	15.665062
80	100	16.589939
80	110	15.306329
80	120	15.361395
80	130	14.664579
80	140	42.170866
80	150	68.751111
80	160	57.661153
80	170	48.587375
80	180	4.583142
70	0
0	0	17.914009
5	0	15.887892
5	10	12.197529
5	20	12.195868
5	30	23.556511
5	40	20.297476
5	50	18.252447
5	60	17.821007
5	70	20.840446
5	80	18.907251
5	90	19.194776
5	100	20.249163
5	110	19.993527
5	120	22.150310
5	130	23.252690
5	140	19.945614
5	150	18.379970
5	160	12.070725
5	170	12.118686
5	180	10.635927
10	0	10.633884
10	10	13.169467
10	20	11.016723
10	30	17.170676
10	40	18.673780
10	50	20.661456
10	60	48.733804
10	70	50.753850
10	80	44.596406
10	90	45.194283
10	100	42.689228
10	110	42.786113
10	120	16.200482
10	130	36.305287
10	140	20.370024
10	150	20.547763
10	160	11.303500
10	170	11.513641
10	180	13.601467
15	0	9.428315
15	10	9.649139
15	20	7.327358
15	30	8.658529
15	40	18.594070
15	50	20.472292
15	60	52.108578
15	70	43.754592
15	80	50.575943
15	90	42.765713
15	100	50.312065
15	110	47.280227
15	120	19.433405
15	130	40.969447
15	140	48.070955
15	150	18.823775
15	160	12.282251
15	170	16.846213
15	180	14.967728
20	0	21.532883
20	10	15.464369
20	20	5.357587
20	30	7.376196
20	40	15.912113
20	50	17.250079
20	60	38.489394
20	70	40.572330
20	80	42.773976
20	90	43.129465
20	100	44.992357
20	110	44.196271
20	120	21.855768
20	130	49.260290
20	140	43.501806
20	150	21.940503
20	160	26.276438
20	170	22.211291
20	180	23.904982
25	0	76.050525
25	10	91.328004
25	20	38.081659
25	30	5.137150
25	40	4.790623
25	50	5.425973
25	60	24.137081
25	70	29.884416
25	80	23.047749
25	90	51.460903
25	100	55.850893
25	110	63.928741
25	120	39.869876
25	130	26.007851
25	140	22.309528
25	150	40.643552
25	160	72.183724
25	170	79.383654
25	180	75.520312
30	0	66.540730
30	10	76.463455
30	20	13.261334
30	30	4.308966
30	40	4.532438
30	50	5.373417
30	60	25.915766
30	70	22.026600
30	80	22.715394
30	90	20.296548
30	100	22.667152
30	110	21.670975
30	120	6.181720
30	130	19.662153
30	140	23.100681
30	150	47.699616
30	160	68.924878
30	170	81.421758
30	180	75.540898
35	0	78.121460
35	10	68.793719
35	20	3.496504
35	30	4.639778
35	40	4.527866
35	50	3.979029
35	60	18.395112
35	70	17.228709
35	80	21.564931
35	90	21.832782
35	100	21.838281
35	110	21.696311
35	120	13.605766
35	130	20.734448
35	140	20.505222
35	150	40.661767
35	160	75.977134
35	170	65.096900
35	180	68.399792
40	0	66.503294
40	10	57.982558
40	20	4.729557
40	30	4.910497
40	40	4.337552
40	50	4.163626
40	60	15.514959
40	70	18.468619
40	80	15.686126
40	90	16.988389
40	100	15.421614
40	110	16.499650
40	120	14.710819
40	130	17.270384
40	140	14.613233
40	150	33.484839
40	160	57.766776
40	170	64.207440
40	180	61.922266
45	0	55.956640
45	10	59.892890
45	20	7.154161
45	30	7.607875
45	40	7.677389
45	50	9.291566
45	60	22.313338
45	70	21.378463
45	80	18.703756
45	90	17.694936
45	100	18.644561
45	110	17.426725
45	120	22.486390
45	130	16.850433
45	140	20.035414
45	150	41.715639
45	160	57.854349
45	170	58.304710
45	180	58.529789
50	0	69.088715
50	10	38.754258
50	20	12.676633
50	30	14.404889
50	40	13.019393
50	50	14.952927
50	60	24.719324
50	70	21.378100
50	80	28.072415
50	90	27.445472
50	100	27.843664
50	110	26.422310
50	120	22.329389
50	130	25.394765
50	140	29.529778
50	150	69.659658
50	160	52.995953
50	170	56.041670
50	180	54.432213
55	0	61.924249
55	10	31.256751
55	20	17.470442
55	30	17.354373
55	40	14.601701
55	50	12.952684
55	60	21.569447
55	70	23.698917
55	80	22.976558
55	90	24.163585
55	100	22.190521
55	110	26.635907
55	120	23.199534
55	130	27.123103
55	140	22.892421
55	150	58.807476
55	160	43.740355
55	170	48.541089
55	180	50.510684
60	0	50.523100
60	10	31.507554
60	20	11.674588
60	30	12.056369
60	40	14.140315
60	50	11.904296
60	60	23.634630
60	70	25.460140
60	80	20.334097
60	90	19.403037
60	100	20.287245
60	110	19.413306
60	120	24.882761
60	130	19.305113
60	140	21.641412
65	0	51.256900
65	10	29.762006
65	20	7.936126
65	30	8.145361
65	40	7.647001
65	50	9.709422
65	60	18.569981
65	70	16.796711
65	80	20.685893
65	90	20.079093
65	100	20.753589
65	110	16.660132
65	120	15.505262
65	130	16.425768
65	140	21.671139
70	0	41.657051
70	10	7.202966
70	20	2.022219
70	30	9.937571
70	40	9.402125
70	50	7.436188
70	60	14.952220
70	70	16.206310
70	80	16.809923
70	90	16.297209
70	100	15.505455
70	110	18.204313
70	120	18.855786
70	130	19.321296
70	140	28.442478
75	0	45.547063
75	10	1.753773
75	20	0.946250
75	30	9.905252
75	40	7.985620
75	50	8.675366
75	60	14.958775
75	70	16.800969
75	80	14.401128
75	90	14.830649
75	100	14.891385
75	110	16.920492
75	120	16.736026
75	130	15.075937
75	140	36.968370
80	0	62.780937
80	10	2.607547
80	20	0.702250
80	30	11.288250
80	40	9.631271
80	50	9.954185
80	60	17.275426
80	70	15.586377
80	80	15.456220
80	90	16.490816
80	100	16.645903
80	110	14.171116
80	120	14.528400
80	130	13.923642
80	140	50.971131
