type bsdf_data
format angles=deg bsdf=value scale=1
10	0
0	0	0.004221
5	0	0.004282
5	10	0.004389
5	20	0.004337
5	30	0.004185
5	40	0.004270
5	50	0.004171
5	60	0.004200
5	70	0.004225
5	80	0.004190
5	90	0.004151
5	100	0.004146
5	110	0.004242
5	120	0.004258
5	130	0.004307
5	140	0.004373
10	0	0.004439
10	10	0.004388
10	20	0.004380
10	30	0.004197
10	40	0.004277
10	50	0.004246
10	60	0.003821
10	70	0.003958
10	80	0.003992
10	90	0.003797
10	100	0.003949
10	110	0.003986
10	120	0.004246
10	130	0.004049
10	140	0.004270
15	0	0.004347
15	10	0.004291
15	20	0.004314
15	30	0.004280
15	40	0.004142
15	50	0.004210
15	60	0.003899
15	70	0.003826
15	80	0.003833
15	90	0.003912
15	100	0.003838
15	110	0.003911
15	120	0.004195
15	130	0.004068
15	140	0.004053
20	0	0.003773
20	10	0.003790
20	20	0.004485
20	30	0.004442
20	40	0.004057
20	50	0.004189
20	60	0.003971
20	70	0.003861
20	80	0.003907
20	90	0.003874
20	100	0.003954
20	110	0.003859
20	120	0.004196
20	130	0.003952
20	140	0.004067
25	0	0.003494
25	10	0.003449
25	20	0.003693
25	30	0.004322
25	40	0.004292
25	50	0.004215
25	60	0.004039
25	70	0.003983
25	80	0.004027
25	90	0.004028
25	100	0.003990
25	110	0.004030
25	120	0.004206
25	130	0.004023
25	140	0.004109
25	150	0.003898
25	160	0.003517
25	170	0.003819
25	180	0.003561
30	0	0.003817
30	10	0.003297
30	20	0.004112
30	30	0.004475
30	40	0.004418
30	50	0.004297
30	60	0.004200
30	70	0.004177
30	80	0.004059
30	90	0.004068
30	100	0.004141
30	110	0.004117
30	120	0.004350
30	130	0.004206
30	140	0.004162
30	150	0.004026
30	160	0.003804
30	170	0.003624
30	180	0.003694
35	0	0.003590
35	10	0.002957
35	20	0.004389
35	30	0.004393
35	40	0.004383
35	50	0.004422
35	60	0.004258
35	70	0.004241
35	80	0.004287
35	90	0.004212
35	100	0.004150
35	110	0.004217
35	120	0.004268
35	130	0.004212
35	140	0.004233
35	150	0.004051
35	160	0.003600
35	170	0.003528
35	180	0.003742
40	0	0.003846
40	10	0.003066
40	20	0.004558
40	30	0.004323
40	40	0.004467
40	50	0.004452
40	60	0.004387
40	70	0.004274
40	80	0.004282
40	90	0.004298
40	100	0.004351
40	110	0.004223
40	120	0.004234
40	130	0.004227
40	140	0.004165
40	150	0.003871
40	160	0.003829
40	170	0.003835
40	180	0.003681
45	0	0.003853
45	10	0.003342
45	20	0.004535
45	30	0.004666
45	40	0.004623
45	50	0.004490
45	60	0.004308
45	70	0.004446
45	80	0.004271
45	90	0.004344
45	100	0.004272
45	110	0.004406
45	120	0.004392
45	130	0.004367
45	140	0.004366
45	150	0.004085
45	160	0.003827
45	170	0.003808
45	180	0.003857
50	0	0.003572
50	10	0.004037
50	20	0.004558
50	30	0.004495
50	40	0.004552
50	50	0.004608
50	60	0.004527
50	70	0.004455
50	80	0.004582
50	90	0.004533
50	100	0.004427
50	110	0.004367
50	120	0.004293
50	130	0.004229
50	140	0.004191
50	150	0.003935
50	160	0.003972
50	170	0.003968
50	180	0.003898
55	0	0.003842
55	10	0.004090
55	20	0.004701
55	30	0.004756
55	40	0.004817
55	50	0.004713
55	60	0.004665
55	70	0.004693
55	80	0.004607
55	90	0.004684
55	100	0.004595
55	110	0.004570
55	120	0.004520
55	130	0.004497
55	140	0.004367
55	150	0.003947
55	160	0.004118
55	170	0.004065
55	180	0.003716
60	0	0.004330
60	10	0.004658
60	20	0.004977
60	30	0.005058
60	40	0.004848
60	50	0.005001
60	60	0.004934
60	70	0.005097
60	80	0.005011
60	90	0.004763
60	100	0.004831
60	110	0.004740
60	120	0.004714
60	130	0.004701
60	140	0.004671
60	150	0.004315
60	160	0.004292
60	170	0.004216
60	180	0.003879
65	0	0.004890
65	10	0.005192
65	20	0.005191
65	30	0.005071
65	40	0.005387
65	50	0.005459
65	60	0.005416
65	70	0.005313
65	80	0.005305
65	90	0.005357
65	100	0.005318
65	110	0.005076
65	120	0.004924
65	130	0.004902
65	140	0.004772
65	150	0.004543
65	160	0.004419
65	170	0.004450
65	180	0.004267
70	0	0.005314
70	10	0.005644
70	20	0.006005
70	30	0.006214
70	40	0.006017
70	50	0.005819
70	60	0.005882
70	70	0.006105
70	80	0.005973
70	90	0.006005
70	100	0.005577
70	110	0.005745
70	120	0.005624
70	130	0.005596
70	140	0.005288
70	150	0.004776
70	160	0.004884
70	170	0.004931
70	180	0.004977
75	0	0.006003
75	10	0.006217
75	20	0.006324
75	30	0.006195
75	40	0.006291
75	50	0.006964
75	60	0.006696
75	70	0.006355
75	80	0.006663
75	90	0.006395
75	100	0.006709
75	110	0.006241
75	120	0.006291
75	130	0.005756
75	140	0.005638
75	150	0.005388
75	160	0.005266
75	170	0.005171
75	180	0.005470
80	0	0.007598
80	10	0.007635
80	20	0.007745
80	30	0.007474
80	40	0.008130
80	50	0.007708
80	60	0.007635
80	70	0.007891
80	80	0.008038
80	90	0.007525
80	100	0.007955
80	110	0.007529
80	120	0.007053
80	130	0.007153
80	140	0.006952
80	150	0.006483
80	160	0.006691
80	170	0.006475
80	180	0.007424
30	0
0	0	0.004002
5	0	0.004041
5	10	0.004140
5	20	0.004225
5	30	0.003948
5	40	0.003965
5	50	0.003931
5	60	0.003921
5	70	0.003873
5	80	0.003886
5	90	0.003875
5	100	0.003831
5	110	0.003868
5	120	0.003946
5	130	0.003952
5	140	0.003996
5	150	0.004032
5	160	0.004163
5	170	0.004195
5	180	0.004161
10	0	0.004274
10	10	0.004189
10	20	0.004263
10	30	0.003948
10	40	0.004015
10	50	0.004007
10	60	0.003607
10	70	0.003694
10	80	0.003672
10	90	0.003428
10	100	0.003631
10	110	0.003800
10	120	0.003903
10	130	0.003717
10	140	0.003942
10	150	0.004089
10	160	0.004271
10	170	0.004205
10	180	0.004089
15	0	0.004294
15	10	0.004312
15	20	0.004175
15	30	0.004240
15	40	0.004088
15	50	0.004018
15	60	0.003672
15	70	0.003671
15	80	0.003651
15	90	0.003675
15	100	0.003685
15	110	0.003636
15	120	0.004007
15	130	0.003828
15	140	0.003878
15	150	0.004175
15	160	0.004279
15	170	0.004156
15	180	0.004020
20	0	0.003736
20	10	0.003533
20	20	0.004295
20	30	0.004354
20	40	0.003899
20	50	0.004040
20	60	0.003863
20	70	0.003638
20	80	0.003632
20	90	0.003706
20	100	0.003622
20	110	0.003719
20	120	0.004034
20	130	0.003809
20	140	0.003825
25	0	0.003551
25	10	0.003510
25	20	0.003574
25	30	0.004369
25	40	0.004336
25	50	0.004162
25	60	0.003932
25	70	0.003905
25	80	0.003862
25	90	0.003739
25	100	0.003898
25	110	0.003921
25	120	0.004146
25	130	0.003928
25	140	0.004011
30	0	0.003826
30	10	0.003188
30	20	0.004168
30	30	0.004381
30	40	0.004469
30	50	0.004376
30	60	0.004044
30	70	0.004021
30	80	0.003973
30	90	0.004095
30	100	0.003961
30	110	0.004038
30	120	0.004258
30	130	0.004125
30	140	0.004186
35	0	0.004057
35	10	0.003276
35	20	0.004609
35	30	0.004645
35	40	0.004476
35	50	0.004455
35	60	0.004315
35	70	0.004213
35	80	0.004200
35	90	0.004130
35	100	0.004170
35	110	0.004104
35	120	0.004153
35	130	0.004162
35	140	0.004202
40	0	0.004014
40	10	0.003430
40	20	0.004845
40	30	0.004859
40	40	0.004774
40	50	0.004687
40	60	0.004411
40	70	0.004328
40	80	0.004204
40	90	0.004147
40	100	0.004209
40	110	0.004101
40	120	0.004268
40	130	0.004239
40	140	0.004184
45	0	0.004337
45	10	0.003818
45	20	0.004886
45	30	0.004769
45	40	0.004817
45	50	0.004828
45	60	0.004463
45	70	0.004448
45	80	0.004374
45	90	0.004414
45	100	0.004181
45	110	0.004276
45	120	0.004175
45	130	0.004305
45	140	0.004299
45	150	0.004024
45	160	0.003968
45	170	0.003917
45	180	0.004045
50	0	0.004334
50	10	0.004717
50	20	0.005101
50	30	0.005152
50	40	0.004869
50	50	0.004850
50	60	0.004705
50	70	0.004674
50	80	0.004582
50	90	0.004366
50	100	0.004471
50	110	0.004382
50	120	0.004319
50	130	0.004210
50	140	0.004329
50	150	0.003889
50	160	0.004109
50	170	0.004045
50	180	0.003986
55	0	0.004812
55	10	0.005027
55	20	0.005599
55	30	0.005495
55	40	0.005386
55	50	0.005165
55	60	0.004906
55	70	0.004721
55	80	0.004618
55	90	0.004541
55	100	0.004494
55	110	0.004432
55	120	0.004503
55	130	0.004481
55	140	0.004298
55	150	0.004156
55	160	0.004194
55	170	0.004174
55	180	0.003824
60	0	0.005633
60	10	0.005949
60	20	0.006020
60	30	0.005734
60	40	0.005684
60	50	0.005547
60	60	0.005271
60	70	0.005154
60	80	0.005037
60	90	0.004969
60	100	0.004760
60	110	0.004731
60	120	0.004533
60	130	0.004713
60	140	0.004649
60	150	0.004262
60	160	0.004309
60	170	0.004378
60	180	0.003965
65	0	0.006547
65	10	0.006572
65	20	0.006779
65	30	0.006652
65	40	0.006185
65	50	0.005918
65	60	0.005936
65	70	0.005656
65	80	0.005441
65	90	0.005259
65	100	0.005306
65	110	0.005055
65	120	0.004931
65	130	0.004769
65	140	0.004842
65	150	0.004431
65	160	0.004542
65	170	0.004441
65	180	0.004418
70	0	0.007700
70	10	0.007922
70	20	0.007738
70	30	0.007520
70	40	0.007306
70	50	0.006859
70	60	0.006394
70	70	0.006110
70	80	0.005931
70	90	0.005819
70	100	0.005956
70	110	0.005547
70	120	0.005712
70	130	0.005372
70	140	0.005083
70	150	0.004931
70	160	0.004733
70	170	0.004821
70	180	0.004874
75	0	0.008943
75	10	0.009288
75	20	0.008901
75	30	0.008178
75	40	0.008483
75	50	0.007923
75	60	0.007536
75	70	0.007342
75	80	0.007133
75	90	0.006666
75	100	0.006201
75	110	0.006103
75	120	0.005759
75	130	0.006128
75	140	0.005839
75	150	0.005159
75	160	0.005396
75	170	0.005513
75	180	0.005590
80	0	0.011360
80	10	0.011383
80	20	0.010742
80	30	0.010448
80	40	0.009889
80	50	0.009536
80	60	0.008918
80	70	0.008528
80	80	0.008148
80	90	0.007804
80	100	0.007713
80	110	0.007181
80	120	0.006943
80	130	0.007176
80	140	0.006846
80	150	0.006732
80	160	0.006484
80	170	0.006526
80	180	0.007163
50	0
0	0	0.003882
5	0	0.003954
5	10	0.004164
5	20	0.004166
5	30	0.003833
5	40	0.003888
5	50	0.003888
5	60	0.003817
5	70	0.003777
5	80	0.003811
5	90	0.003777
5	100	0.003726
5	110	0.003759
5	120	0.003858
5	130	0.003860
5	140	0.003870
5	150	0.003887
5	160	0.003998
5	170	0.003981
5	180	0.003985
10	0	0.004266
10	10	0.004235
10	20	0.004214
10	30	0.003954
10	40	0.004029
10	50	0.003939
10	60	0.003515
10	70	0.003559
10	80	0.003522
10	90	0.003444
10	100	0.003455
10	110	0.003641
10	120	0.003868
10	130	0.003738
10	140	0.003812
10	150	0.003933
10	160	0.004107
10	170	0.003997
10	180	0.003873
15	0	0.004301
15	10	0.004305
15	20	0.004260
15	30	0.004252
15	40	0.004030
15	50	0.003990
15	60	0.003630
15	70	0.003726
15	80	0.003667
15	90	0.003609
15	100	0.003505
15	110	0.003556
15	120	0.003897
15	130	0.003562
15	140	0.003618
15	150	0.003944
15	160	0.004053
15	170	0.003914
15	180	0.003988
20	0	0.003780
20	10	0.004005
20	20	0.004492
20	30	0.004442
20	40	0.004029
20	50	0.004112
20	60	0.003848
20	70	0.003713
20	80	0.003645
20	90	0.003688
20	100	0.003711
20	110	0.003590
20	120	0.003901
20	130	0.003686
20	140	0.003667
20	150	0.003756
20	160	0.003473
20	170	0.003303
20	180	0.003183
25	0	0.003942
25	10	0.003797
25	20	0.003856
25	30	0.004676
25	40	0.004510
25	50	0.004325
25	60	0.003972
25	70	0.003839
25	80	0.003869
25	90	0.003828
25	100	0.003818
25	110	0.003872
25	120	0.004118
25	130	0.003851
25	140	0.003918
25	150	0.003742
25	160	0.003175
25	170	0.003486
25	180	0.003623
30	0	0.004365
30	10	0.003552
30	20	0.004686
30	30	0.004802
30	40	0.004692
30	50	0.004536
30	60	0.004242
30	70	0.004188
30	80	0.004080
30	90	0.003977
30	100	0.003939
30	110	0.004042
30	120	0.004150
30	130	0.004052
30	140	0.004134
30	150	0.004012
30	160	0.003538
30	170	0.003550
30	180	0.003652
35	0	0.004661
35	10	0.004068
35	20	0.005283
35	30	0.005180
35	40	0.005044
35	50	0.004875
35	60	0.004524
35	70	0.004387
35	80	0.004184
35	90	0.004160
35	100	0.004097
35	110	0.004132
35	120	0.004129
35	130	0.004143
35	140	0.004183
35	150	0.004082
35	160	0.003878
35	170	0.003740
35	180	0.003588
40	0	0.005321
40	10	0.004573
40	20	0.005784
40	30	0.005566
40	40	0.005327
40	50	0.005069
40	60	0.004657
40	70	0.004548
40	80	0.004503
40	90	0.004401
40	100	0.004258
40	110	0.004223
40	120	0.004302
40	130	0.004247
40	140	0.004257
45	0	0.005975
45	10	0.005413
45	20	0.006367
45	30	0.005913
45	40	0.005729
45	50	0.005310
45	60	0.004892
45	70	0.004641
45	80	0.004564
45	90	0.004388
45	100	0.004455
45	110	0.004374
45	120	0.004381
45	130	0.004410
45	140	0.004454
50	0	0.006615
50	10	0.006890
50	20	0.007165
50	30	0.006683
50	40	0.006154
50	50	0.005705
50	60	0.005245
50	70	0.005002
50	80	0.004600
50	90	0.004488
50	100	0.004441
50	110	0.004521
50	120	0.004404
50	130	0.004562
50	140	0.004635
55	0	0.008307
55	10	0.008319
55	20	0.008144
55	30	0.007496
55	40	0.006712
55	50	0.006072
55	60	0.005659
55	70	0.005188
55	80	0.004949
55	90	0.004922
55	100	0.004614
55	110	0.004534
55	120	0.004554
55	130	0.004680
55	140	0.004678
60	0	0.010559
60	10	0.010472
60	20	0.009605
60	30	0.008446
60	40	0.007545
60	50	0.006745
60	60	0.005985
60	70	0.005561
60	80	0.005380
60	90	0.005102
60	100	0.005078
60	110	0.004852
60	120	0.004971
60	130	0.004781
60	140	0.004859
65	0	0.013852
65	10	0.012921
65	20	0.011862
65	30	0.009996
65	40	0.008808
65	50	0.007551
65	60	0.006685
65	70	0.006156
65	80	0.005737
65	90	0.005413
65	100	0.005411
65	110	0.005409
65	120	0.005183
65	130	0.005253
65	140	0.005381
65	150	0.005019
65	160	0.005152
65	170	0.005238
65	180	0.005161
70	0	0.018132
70	10	0.017222
70	20	0.014588
70	30	0.012126
70	40	0.009988
70	50	0.008585
70	60	0.007943
70	70	0.007024
70	80	0.006545
70	90	0.006389
70	100	0.005842
70	110	0.005703
70	120	0.005614
70	130	0.005903
70	140	0.005715
70	150	0.005534
70	160	0.005472
70	170	0.005508
70	180	0.005912
75	0	0.023950
75	10	0.021873
75	20	0.017414
75	30	0.014063
75	40	0.011161
75	50	0.009657
75	60	0.008474
75	70	0.007631
75	80	0.007508
75	90	0.006681
75	100	0.006617
75	110	0.006334
75	120	0.006447
75	130	0.006045
75	140	0.005872
75	150	0.005729
75	160	0.005965
75	170	0.006075
75	180	0.006075
80	0	0.033425
80	10	0.029613
80	20	0.022611
80	30	0.016603
80	40	0.013922
80	50	0.011072
80	60	0.009972
80	70	0.009009
80	80	0.008652
80	90	0.008171
80	100	0.007910
80	110	0.007593
80	120	0.007245
80	130	0.007534
80	140	0.006753
80	150	0.007002
80	160	0.006598
80	170	0.006868
80	180	0.007163
70	0
0	0	0.003879
5	0	0.004040
5	10	0.004079
5	20	0.004160
5	30	0.003899
5	40	0.003947
5	50	0.003905
5	60	0.003831
5	70	0.003799
5	80	0.003773
5	90	0.003758
5	100	0.003700
5	110	0.003703
5	120	0.003711
5	130	0.003735
5	140	0.003739
5	150	0.003759
5	160	0.003861
5	170	0.003900
5	180	0.003744
10	0	0.004313
10	10	0.004320
10	20	0.004277
10	30	0.004006
10	40	0.004081
10	50	0.004045
10	60	0.003674
10	70	0.003643
10	80	0.003587
10	90	0.003436
10	100	0.003477
10	110	0.003509
10	120	0.003783
10	130	0.003575
10	140	0.003701
10	150	0.003779
10	160	0.003887
10	170	0.003847
10	180	0.003806
15	0	0.004702
15	10	0.004711
15	20	0.004638
15	30	0.004511
15	40	0.004241
15	50	0.004173
15	60	0.003735
15	70	0.003640
15	80	0.003583
15	90	0.003663
15	100	0.003600
15	110	0.003435
15	120	0.003744
15	130	0.003408
15	140	0.003391
15	150	0.003727
15	160	0.003763
15	170	0.003735
15	180	0.003636
20	0	0.004439
20	10	0.004429
20	20	0.004967
20	30	0.004881
20	40	0.004419
20	50	0.004321
20	60	0.004047
20	70	0.003893
20	80	0.003806
20	90	0.003650
20	100	0.003526
20	110	0.003606
20	120	0.003761
20	130	0.003450
20	140	0.003595
20	150	0.003519
20	160	0.003161
20	170	0.003090
20	180	0.003043
25	0	0.005029
25	10	0.004690
25	20	0.004826
25	30	0.005186
25	40	0.004920
25	50	0.004752
25	60	0.004236
25	70	0.004067
25	80	0.003988
25	90	0.003814
25	100	0.003819
25	110	0.003749
25	120	0.004016
25	130	0.003695
25	140	0.003665
25	150	0.003430
25	160	0.003129
25	170	0.003091
25	180	0.003082
30	0	0.005592
30	10	0.005068
30	20	0.005901
30	30	0.005897
30	40	0.005535
30	50	0.005057
30	60	0.004660
30	70	0.004418
30	80	0.004123
30	90	0.004080
30	100	0.003970
30	110	0.003890
30	120	0.003951
30	130	0.003807
30	140	0.003824
30	150	0.003714
30	160	0.003407
30	170	0.003301
30	180	0.003394
35	0	0.007022
35	10	0.006192
35	20	0.007018
35	30	0.006559
35	40	0.005961
35	50	0.005514
35	60	0.004887
35	70	0.004593
35	80	0.004443
35	90	0.004277
35	100	0.004064
35	110	0.004010
35	120	0.004114
35	130	0.004073
35	140	0.004087
35	150	0.003754
35	160	0.003396
35	170	0.003418
35	180	0.003530
40	0	0.009069
40	10	0.007756
40	20	0.008454
40	30	0.007377
40	40	0.006603
40	50	0.005988
40	60	0.005255
40	70	0.004841
40	80	0.004638
40	90	0.004352
40	100	0.004365
40	110	0.004239
40	120	0.004191
40	130	0.004095
40	140	0.004172
40	150	0.003916
40	160	0.003800
40	170	0.003848
40	180	0.003877
45	0	0.011547
45	10	0.010459
45	20	0.010326
45	30	0.008758
45	40	0.007540
45	50	0.006399
45	60	0.005608
45	70	0.005244
45	80	0.004723
45	90	0.004628
45	100	0.004410
45	110	0.004325
45	120	0.004254
45	130	0.004371
45	140	0.004348
45	150	0.004274
45	160	0.004044
45	170	0.004041
45	180	0.004126
50	0	0.015793
50	10	0.014794
50	20	0.012697
50	30	0.010273
50	40	0.008295
50	50	0.007065
50	60	0.005927
50	70	0.005430
50	80	0.005058
50	90	0.004765
50	100	0.004583
50	110	0.004525
50	120	0.004561
50	130	0.004523
50	140	0.004618
50	150	0.004106
50	160	0.004366
50	170	0.004467
50	180	0.004405
55	0	0.023006
55	10	0.020426
55	20	0.016196
55	30	0.012155
55	40	0.009381
55	50	0.007586
55	60	0.006638
55	70	0.005743
55	80	0.005428
55	90	0.005013
55	100	0.004874
55	110	0.004826
55	120	0.004684
55	130	0.004677
55	140	0.004793
55	150	0.004566
55	160	0.004874
55	170	0.005027
55	180	0.004759
60	0	0.035445
60	10	0.029776
60	20	0.021157
60	30	0.014741
60	40	0.011164
60	50	0.008579
60	60	0.007127
60	70	0.006447
60	80	0.005650
60	90	0.005538
60	100	0.005121
60	110	0.005026
60	120	0.005076
60	130	0.005256
60	140	0.005210
65	0	0.058062
65	10	0.044083
65	20	0.027525
65	30	0.018091
65	40	0.012412
65	50	0.009650
65	60	0.007801
65	70	0.006724
65	80	0.006245
65	90	0.005784
65	100	0.005799
65	110	0.005447
65	120	0.005726
65	130	0.005589
65	140	0.005858
70	0	0.098504
70	10	0.066570
70	20	0.035891
70	30	0.021442
70	40	0.014458
70	50	0.011007
70	60	0.009311
70	70	0.007969
70	80	0.007399
70	90	0.006689
70	100	0.006456
70	110	0.006442
70	120	0.006303
70	130	0.006668
70	140	0.006339
75	0	0.176322
75	10	0.096437
75	20	0.046340
75	30	0.025501
75	40	0.017132
75	50	0.012492
75	60	0.009857
75	70	0.008723
75	80	0.007886
75	90	0.007680
75	100	0.007013
75	110	0.007115
75	120	0.007084
75	130	0.006976
75	140	0.007105
80	0	0.322238
80	10	0.138431
80	20	0.057988
80	30	0.030144
80	40	0.018867
80	50	0.014275
80	60	0.011434
80	70	0.010572
80	80	0.009156
80	90	0.009206
80	100	0.008496
80	110	0.008299
80	120	0.008125
80	130	0.008258
80	140	0.008240
