type bsdf_data
format angles=deg bsdf=value scale=1
10	150
0	0	0.042200
5	10	0.003897
5	20	0.002312
5	30	0.002059
5	40	0.002251
5	50	0.002604
5	60	0.004987
5	70	0.226372
5	80	0.693562
5	90	0.213600
5	100	0.004632
5	110	0.004563
5	120	0.006400
5	130	0.006269
5	140	0.003611
5	150	0.001657
5	160	0.001567
5	170	0.002731
5	180	0.005198
5	190	0.004008
5	200	0.001848
5	210	0.001463
5	220	0.001507
5	230	0.001663
5	240	0.001634
5	250	0.001500
5	260	0.001815
5	270	0.040347
5	280	0.079314
5	290	0.005712
10	10	0.002162
10	20	0.001552
10	30	0.001471
10	40	0.001315
10	50	0.001334
10	60	0.001521
10	70	0.001453
10	80	0.032451
10	90	0.026189
10	100	0.002766
10	110	0.060953
10	120	0.009936
10	130	0.001652
10	140	0.001635
10	150	0.137590
10	160	0.002877
10	170	0.001653
10	180	0.007283
10	190	0.002008
10	200	0.004598
10	210	0.674196
10	220	0.006898
10	230	0.002809
10	240	0.001464
10	250	0.002780
10	260	0.001513
10	270	0.028034
10	280	0.004971
10	290	0.002147
15	10	0.001324
15	20	0.001289
15	30	0.001219
15	40	0.009380
15	50	0.001326
15	60	0.001336
15	70	0.003115
15	80	0.004196
15	90	0.064357
15	100	0.002100
15	110	0.007963
15	120	0.002808
15	130	0.001967
15	140	0.002356
15	150	0.001218
15	160	0.041711
15	170	0.002185
15	180	0.009904
15	190	0.001681
15	200	0.135401
15	210	0.001674
15	220	0.001509
15	230	0.001292
15	240	0.001743
15	250	0.001384
15	260	0.001546
15	270	0.290561
15	280	0.003035
15	290	0.001249
20	10	0.001146
20	20	0.001018
20	30	0.005021
20	40	0.001120
20	50	0.004199
20	60	0.001353
20	70	0.002495
20	80	0.001168
20	90	0.010468
20	100	0.003666
20	110	0.000927
20	120	0.001873
20	130	0.001348
20	140	0.001348
20	150	0.000801
20	160	0.003052
20	170	0.002940
20	180	0.005481
20	190	0.004031
20	200	0.003022
20	210	0.001595
20	220	0.001318
20	230	0.001477
20	240	0.001999
20	250	0.001324
20	260	0.002967
20	270	0.007401
20	280	0.001043
20	290	0.001243
25	0	0.000600
25	10	0.000756
25	20	0.001113
25	30	0.000738
25	40	0.000610
25	50	0.002195
25	60	0.000976
25	70	0.000766
25	80	0.001380
25	90	0.083709
25	100	0.004812
25	110	0.001932
25	120	0.000839
25	130	0.001289
25	140	0.010277
25	150	0.001084
25	160	0.001194
25	170	0.008373
25	180	0.017002
25	190	0.004432
25	200	0.000973
25	210	0.001278
25	220	0.141494
25	230	0.001184
25	240	0.001040
25	250	0.001152
25	260	0.001939
25	270	0.002595
25	280	0.000945
25	290	0.000913
25	300	0.001096
25	310	0.000948
25	320	0.001468
25	330	0.001400
25	340	0.001201
25	350	0.000906
30	0	0.000778
30	10	0.000890
30	20	0.006502
30	30	0.001023
30	40	0.003051
30	50	0.000635
30	60	0.000774
30	70	0.000852
30	80	0.000721
30	90	0.000690
30	100	0.000646
30	110	0.000942
30	120	0.032201
30	130	0.001505
30	140	0.000981
30	150	0.016865
30	160	0.001625
30	170	0.412129
30	180	0.036807
30	190	0.618139
30	200	0.000923
30	210	0.004880
30	220	0.000926
30	230	0.000855
30	240	0.005982
30	250	0.001100
30	260	0.000913
30	270	0.000829
30	280	0.000804
30	290	0.000981
30	300	0.001169
30	310	0.001066
30	320	0.000926
30	330	0.001003
30	340	0.001485
30	350	0.001150
35	0	0.000832
35	10	0.002040
35	20	0.001011
35	30	0.000567
35	40	0.000640
35	50	0.007748
35	60	0.001780
35	70	0.000779
35	80	0.000607
35	90	0.000887
35	100	0.000795
35	110	0.000570
35	120	0.000709
35	130	0.000760
35	140	0.000723
35	150	0.002800
35	160	0.000808
35	170	0.003482
35	180	0.019919
35	190	0.000866
35	200	0.000790
35	210	0.003340
35	220	0.000785
35	230	0.001386
35	240	0.000711
35	250	0.000797
35	260	0.000799
35	270	0.001021
35	280	0.000691
35	290	0.001230
35	300	0.000913
35	310	0.639770
35	320	0.003365
35	330	0.001381
35	340	0.015738
35	350	0.002316
40	0	0.000631
40	10	0.000495
40	20	0.000733
40	30	0.009129
40	40	0.000584
40	50	0.000618
40	60	0.000534
40	70	0.003628
40	80	0.000389
40	90	0.000702
40	100	0.000937
40	110	0.001060
40	120	0.000542
40	130	0.000671
40	140	0.005693
40	150	0.000806
40	160	0.000898
40	170	0.000938
40	180	0.001006
40	190	0.000795
40	200	0.000871
40	210	0.000726
40	220	0.001734
40	230	0.000649
40	240	0.000759
40	250	0.000742
40	260	0.000855
40	270	0.000917
40	280	0.000783
40	290	0.002757
40	300	0.000561
40	310	0.000902
40	320	0.000835
40	330	0.000995
40	340	0.000856
40	350	0.025916
45	0	0.000714
45	10	0.000817
45	20	0.000854
45	30	0.000750
45	40	0.001859
45	50	0.000416
45	60	0.002606
45	70	0.000327
45	80	0.001864
45	90	0.000343
45	100	0.000433
45	110	0.000543
45	120	0.001327
45	130	0.000557
45	140	0.000602
45	150	0.000756
45	160	0.002282
45	170	0.000553
45	180	0.000741
45	190	0.000911
45	200	0.008922
45	210	0.000694
45	220	0.000911
45	230	0.000650
45	240	0.001364
45	250	0.000612
45	260	0.000677
45	270	0.012588
45	280	0.000721
45	290	0.000606
45	300	0.114426
45	310	0.000869
45	320	0.004637
45	330	0.001321
45	340	0.000766
45	350	0.004868
50	0	0.000635
50	10	0.000479
50	20	0.015351
50	30	0.000414
50	40	0.000336
50	50	0.000610
50	60	0.000500
50	70	0.000500
50	80	0.000361
50	90	0.001224
50	100	0.000874
50	110	0.000188
50	120	0.000218
50	130	0.002426
50	140	0.000629
50	150	0.000908
50	160	0.000536
50	170	0.000587
50	180	0.002974
50	190	0.000508
50	200	0.000693
50	210	0.000661
50	220	0.000710
50	230	0.001418
50	240	0.000578
50	250	0.000544
50	260	0.000965
50	270	0.000921
50	280	0.000551
50	290	0.000613
50	300	0.000758
50	310	0.000672
50	320	0.000738
50	330	0.000643
50	340	0.001775
50	350	0.000957
55	0	0.000537
55	10	0.004140
55	20	0.000555
55	30	0.003912
55	40	0.000619
55	50	0.002231
55	60	0.000316
55	70	0.007198
55	80	0.000300
55	90	0.000222
55	100	0.000465
55	110	0.000555
55	120	0.000372
55	130	0.000411
55	140	0.000506
55	150	0.000951
55	160	0.000518
55	170	0.000853
55	180	0.000502
55	190	0.000610
55	200	0.000616
55	210	0.001644
55	220	0.000606
55	230	0.000751
55	240	0.000584
55	250	0.000710
55	260	0.002236
55	270	0.000628
55	280	0.000870
55	290	0.000710
55	300	0.000549
55	310	0.151899
55	320	0.033372
55	330	0.001255
55	340	0.000608
55	350	0.000575
60	0	0.000518
60	10	0.000541
60	20	0.000331
60	30	0.001437
60	40	0.000376
60	50	0.000242
60	60	0.000793
60	70	0.000369
60	80	0.000357
60	90	0.000261
60	100	0.000433
60	110	0.000325
60	120	0.000306
60	130	0.000446
60	140	0.000535
60	150	0.003695
60	160	0.001437
60	170	0.000614
60	180	0.000453
60	190	0.002837
60	200	0.001099
60	210	0.000691
60	220	0.000721
60	230	0.000507
60	240	0.000507
60	250	0.000998
60	260	0.000412
60	270	0.000596
60	280	0.000386
60	290	0.000499
60	300	0.000784
60	310	0.000559
60	320	0.000521
60	330	0.001186
60	340	0.000471
60	350	0.000523
65	0	0.000780
65	10	0.001668
65	20	0.000158
65	30	0.000128
65	40	0.000584
65	50	0.000392
65	60	0.001485
65	70	0.000264
65	80	0.000038
65	90	0.000437
65	100	0.000256
65	110	0.000249
65	120	0.000188
65	130	0.002787
65	140	0.010957
65	150	0.000563
65	160	0.000716
65	170	0.000344
65	180	0.000268
65	190	0.000454
65	200	0.000715
65	210	0.000399
65	220	0.024161
65	230	0.000789
65	240	0.000724
65	250	0.000444
65	260	0.000493
65	270	0.000368
65	280	0.000490
65	290	0.000439
65	300	0.017400
65	310	0.000429
65	320	0.000474
65	330	0.000268
65	340	0.000600
65	350	0.001020
70	0	0.000409
70	10	0.000828
70	20	0.001005
70	30	0.000772
70	40	0.617187
70	50	0.000820
70	60	0.000670
70	70	0.000475
70	80	0.001014
70	90	0.001040
70	100	0.000558
70	110	0.000726
70	120	0.001172
70	130	0.000447
70	140	0.000642
70	150	0.001996
70	160	0.000102
70	170	0.000838
70	180	0.001771
70	190	0.000730
70	200	0.000112
70	210	0.001645
70	220	0.000819
70	230	0.000586
70	240	0.001739
70	250	0.000188
70	260	0.000218
70	270	0.000684
70	280	0.000186
70	290	0.000405
70	300	0.000375
70	310	0.000537
70	320	0.039239
70	330	0.000304
70	340	0.001827
70	350	0.000543
75	0	0.000610
75	10	0.000553
75	20	0.000172
75	30	0.000504
75	40	0.000808
75	50	0.000959
75	60	0.000566
75	70	0.000713
75	80	0.001200
75	90	0.000922
75	100	0.042627
75	110	0.000074
75	120	0.000086
75	130	0.000295
75	140	0.000012
75	150	0.000876
75	160	0.000369
75	170	0.000209
75	180	0.000234
75	190	0.000394
75	200	0.000701
75	210	0.000733
75	220	0.000258
75	230	0.000430
75	240	0.000123
75	250	0.000566
75	260	0.004120
75	270	0.043463
75	280	0.000702
75	290	0.000480
75	300	0.000540
75	310	0.000380
75	320	0.000723
75	330	0.000000
75	340	0.000422
75	350	0.000279
80	0	0.000753
80	10	0.000788
80	20	0.000000
80	30	0.000257
80	40	0.000330
80	50	0.001027
80	60	0.000202
80	70	0.001027
80	80	0.000458
80	90	0.000055
80	100	0.000073
80	110	0.000642
80	120	0.000000
80	130	0.000513
80	140	0.000000
80	150	0.001005
80	160	0.000935
80	170	0.000495
80	180	0.000550
80	190	0.001027
80	200	0.000495
80	210	0.000312
80	220	0.001008
80	230	0.000092
80	240	0.000403
80	250	0.000367
80	260	0.001663
80	270	0.000202
80	280	0.009220
80	290	0.000840
80	300	0.000317
80	310	0.000473
80	320	0.000878
80	330	0.000898
80	340	0.000577
80	350	0.001369
30	150
0	0	0.008536
5	0	0.005601
5	10	0.001134
5	20	0.000889
5	30	0.000825
5	40	0.000821
5	50	0.000913
5	60	0.000889
5	70	0.000834
5	80	0.001130
5	90	0.003053
5	100	0.002225
5	110	0.001417
5	120	0.002055
5	130	0.003649
5	140	0.005876
5	150	0.006526
5	160	0.002135
5	170	0.001294
5	180	0.002918
5	190	0.012612
5	200	0.003121
5	210	0.000924
5	220	0.001021
5	230	0.000936
5	240	0.000775
5	250	0.000793
5	260	0.004465
5	270	0.010262
5	280	0.001238
5	290	0.000915
5	300	0.000960
5	310	0.001061
5	320	0.001144
5	330	0.001626
5	340	0.033994
5	350	0.064726
10	0	0.001721
10	10	0.000793
10	20	0.015734
10	30	0.000915
10	40	0.000752
10	50	0.000898
10	60	0.021675
10	70	0.000867
10	80	0.000784
10	90	0.002049
10	100	0.000812
10	110	0.001047
10	120	0.049297
10	130	0.001248
10	140	0.001141
10	150	0.001964
10	160	0.020195
10	170	0.001131
10	180	0.012707
10	190	0.004825
10	200	0.000912
10	210	0.001044
10	220	0.001726
10	230	0.001881
10	240	0.001008
10	250	0.001005
10	260	0.001102
10	270	0.003455
10	280	0.000698
10	290	0.000857
10	300	0.001204
10	310	0.001810
10	320	0.001028
10	330	0.000874
10	340	0.000827
10	350	0.014596
15	0	0.001383
15	10	0.017570
15	20	0.002485
15	30	0.000748
15	40	0.001113
15	50	0.000726
15	60	0.001642
15	70	0.659149
15	80	0.001634
15	90	0.008678
15	100	0.001034
15	110	0.027057
15	120	0.000926
15	130	0.000969
15	140	0.001836
15	150	0.001052
15	160	0.012598
15	170	0.001222
15	180	0.035905
15	190	0.001389
15	200	0.022320
15	210	0.002205
15	220	0.001005
15	230	0.001539
15	240	0.000956
15	250	0.001055
15	260	0.000893
15	270	0.007150
15	280	0.001611
15	290	0.003038
15	300	0.000942
15	310	0.014664
15	320	0.000947
15	330	0.001316
15	340	0.001702
15	350	0.001463
20	10	0.006025
20	20	0.000750
20	30	0.000795
20	40	0.008600
20	50	0.000704
20	60	0.000643
20	70	0.000673
20	80	0.000986
20	90	0.020721
20	100	0.001157
20	110	0.000813
20	120	0.001213
20	130	0.001236
20	140	0.004505
20	150	0.000659
20	160	0.000000
20	170	0.005413
20	180	0.039741
20	190	0.001077
20	200	0.001003
20	210	0.001114
20	220	0.001186
20	230	0.001358
20	240	0.001203
20	250	0.000694
20	260	0.000925
20	270	0.001138
20	280	0.001155
20	290	0.001348
25	10	0.001468
25	20	0.000630
25	30	0.000616
25	40	0.000576
25	50	0.034704
25	60	0.000278
25	70	0.000647
25	80	0.106570
25	90	0.048970
25	100	0.010796
25	110	0.000920
25	120	0.001103
25	130	0.050196
25	140	0.002782
25	150	0.002007
25	160	0.002729
25	170	0.090449
25	180	0.052226
25	190	0.001549
25	200	0.001057
25	210	0.001071
25	220	0.001661
25	230	0.001271
25	240	0.000741
25	250	0.000927
25	260	0.001517
25	270	0.000875
25	280	0.001019
25	290	0.000920
30	10	0.000686
30	20	0.000694
30	30	0.150237
30	40	0.000761
30	50	0.000457
30	60	0.001037
30	70	0.000475
30	80	0.011082
30	90	0.004473
30	100	0.013673
30	110	0.001113
30	120	0.028970
30	130	0.001709
30	140	0.004047
30	150	0.383848
30	160	0.003727
30	170	0.002341
30	180	0.002334
30	190	0.001790
30	200	0.000948
30	210	0.050404
30	220	0.001224
30	230	0.000864
30	240	0.000938
30	250	0.001001
30	260	0.001121
30	270	0.000761
30	280	0.000848
30	290	0.001976
35	10	0.000746
35	20	0.000604
35	30	0.000487
35	40	0.000839
35	50	0.000720
35	60	0.000703
35	70	0.000611
35	80	0.001842
35	90	0.001131
35	100	0.000649
35	110	0.000649
35	120	0.001449
35	130	0.001212
35	140	0.001826
35	150	0.001980
35	160	0.001613
35	170	0.002545
35	180	0.001348
35	190	0.001644
35	200	0.001593
35	210	0.000959
35	220	0.020010
35	230	0.015541
35	240	0.000703
35	250	0.009035
35	260	0.000740
35	270	0.000685
35	280	0.000812
35	290	0.000800
40	10	0.000946
40	20	0.037252
40	30	0.000663
40	40	0.000752
40	50	0.000413
40	60	0.000416
40	70	0.000446
40	80	0.000682
40	90	0.000502
40	100	0.000516
40	110	0.001454
40	120	0.000926
40	130	0.001413
40	140	0.001546
40	150	0.001311
40	160	0.001616
40	170	0.001184
40	180	0.001159
40	190	0.002231
40	200	0.001109
40	210	0.000853
40	220	0.000877
40	230	0.001112
40	240	0.000715
40	250	0.001122
40	260	0.010994
40	270	0.000790
40	280	0.003687
40	290	0.000784
45	0	0.000641
45	10	0.000823
45	20	0.001189
45	30	0.000610
45	40	0.000550
45	50	0.000625
45	60	0.000609
45	70	0.000408
45	80	0.000266
45	90	0.000239
45	100	0.000589
45	110	0.000524
45	120	0.000850
45	130	0.000847
45	140	0.001086
45	150	0.001798
45	160	0.001211
45	170	0.000945
45	180	0.001080
45	190	0.000923
45	200	0.000770
45	210	0.061243
45	220	0.001207
45	230	0.001072
45	240	0.056729
45	250	0.001016
45	260	0.000746
45	270	0.002431
45	280	0.000673
45	290	0.000766
45	300	0.005168
45	310	0.001305
45	320	0.001220
45	330	0.015618
45	340	0.001112
45	350	0.010444
50	0	0.000876
50	10	0.000645
50	20	0.000421
50	30	0.001121
50	40	0.000505
50	50	0.001016
50	60	0.000302
50	70	0.000569
50	80	0.000934
50	90	0.009285
50	100	0.000356
50	110	0.000316
50	120	0.000674
50	130	0.000706
50	140	0.001253
50	150	0.001004
50	160	0.000977
50	170	0.001497
50	180	0.001772
50	190	0.001027
50	200	0.000686
50	210	0.000666
50	220	0.001431
50	230	0.000652
50	240	0.000813
50	250	0.002674
50	260	0.000732
50	270	0.000710
50	280	0.000636
50	290	0.018027
50	300	0.001283
50	310	0.001222
50	320	0.001587
50	330	0.000960
50	340	0.000853
50	350	0.001227
55	0	0.000871
55	10	0.000403
55	20	0.000640
55	30	0.006182
55	40	0.000391
55	50	0.000244
55	60	0.000233
55	70	0.022176
55	80	0.000205
55	90	0.000228
55	100	0.000327
55	110	0.002003
55	120	0.000516
55	130	0.000756
55	140	0.000754
55	150	0.011075
55	160	0.060212
55	170	0.000628
55	180	0.000679
55	190	0.000874
55	200	0.005575
55	210	0.001002
55	220	0.010348
55	230	0.024936
55	240	0.000785
55	250	0.001736
55	260	0.000828
55	270	0.000676
55	280	0.000805
55	290	0.001482
55	300	0.000955
55	310	0.032187
55	320	0.001326
55	330	0.000777
55	340	0.001956
55	350	0.001401
60	0	0.000540
60	10	0.000598
60	20	0.000618
60	30	0.000312
60	40	0.001492
60	50	0.000363
60	60	0.004743
60	70	0.000344
60	80	0.000286
60	90	0.000236
60	100	0.000745
60	110	0.000204
60	120	0.001572
60	130	0.000357
60	140	0.000679
60	150	0.002495
60	160	0.000672
60	170	0.000593
60	180	0.004494
60	190	0.000600
60	200	0.000837
60	210	0.001642
60	220	0.000645
60	230	0.000887
60	240	0.000545
60	250	0.000824
60	260	0.000512
60	270	0.000492
60	280	0.000483
60	290	0.001015
60	300	0.000632
60	310	0.000908
60	320	0.000844
60	330	0.000726
60	340	0.000798
60	350	0.000648
65	0	0.000543
65	10	0.000475
65	20	0.000211
65	30	0.000808
65	40	0.000829
65	50	0.000565
65	60	0.001726
65	70	0.000482
65	80	0.000550
65	90	0.000633
65	100	0.000113
65	110	0.000414
65	120	0.000618
65	130	0.000787
65	140	0.009876
65	150	0.001392
65	160	0.000435
65	170	0.000720
65	180	0.000767
65	190	0.000468
65	200	0.000515
65	210	0.131606
65	220	0.000494
65	230	0.000444
65	240	0.457895
65	250	0.000442
65	260	0.000385
65	270	0.000368
65	280	0.004131
65	290	0.000428
65	300	0.002569
65	310	0.000582
65	320	0.000545
65	330	0.307198
65	340	0.000533
65	350	0.000733
70	0	0.000767
70	10	0.000558
70	20	0.001180
70	30	0.001061
70	40	0.000512
70	50	0.000996
70	60	0.000707
70	70	0.000521
70	80	0.000810
70	90	0.008190
70	100	0.000893
70	110	0.001033
70	120	0.000800
70	130	0.000735
70	140	0.000605
70	150	0.000696
70	160	0.000558
70	170	0.000580
70	180	0.000873
70	190	0.000782
70	200	0.000344
70	210	0.000732
70	220	0.000691
70	230	0.001284
70	240	0.000556
70	250	0.000631
70	260	0.000492
70	270	0.000702
70	280	0.000211
70	290	0.000454
70	300	0.000586
70	310	0.039476
70	320	0.000699
70	330	0.000269
70	340	0.001033
70	350	0.000521
75	0	0.000640
75	10	0.000836
75	20	0.000750
75	30	0.000148
75	40	0.000504
75	50	0.001267
75	60	0.000861
75	70	0.001059
75	80	0.001074
75	90	0.000750
75	100	0.000664
75	110	0.000750
75	120	0.000184
75	130	0.000603
75	140	0.001659
75	150	0.000587
75	160	0.001402
75	170	0.027364
75	180	0.000676
75	190	0.001513
75	200	0.000885
75	210	0.000922
75	220	0.001095
75	230	0.000824
75	240	0.000467
75	250	0.000197
75	260	0.000615
75	270	0.000654
75	280	0.000701
75	290	0.000777
75	300	0.000396
75	310	0.000379
75	320	0.000809
75	330	0.000258
75	340	0.000860
75	350	0.000954
80	0	0.001257
80	10	0.001356
80	20	0.000935
80	30	0.000110
80	40	0.000495
80	50	0.020989
80	60	0.000293
80	70	0.001558
80	80	0.001320
80	90	0.001283
80	100	0.000678
80	110	0.001173
80	120	0.000238
80	130	0.000422
80	140	0.003025
80	150	0.001245
80	160	0.000898
80	170	0.001155
80	180	0.001705
80	190	0.000733
80	200	0.001210
80	210	0.000642
80	220	0.001391
80	230	0.000440
80	240	0.001027
80	250	0.000825
80	260	0.000238
80	270	0.000513
80	280	0.000825
80	290	0.000524
80	300	0.000874
80	310	0.001069
80	320	0.000731
80	330	0.001958
80	340	0.000931
80	350	0.001305
50	150
0	0	0.000796
5	0	0.000978
5	10	0.000945
5	20	0.000876
5	30	0.000850
5	40	0.000753
5	50	0.000750
5	60	0.000766
5	70	0.000791
5	80	0.000687
5	90	0.000667
5	100	0.000614
5	110	0.000536
5	120	0.000542
5	130	0.000688
5	140	0.000861
5	150	0.001337
5	160	0.001104
5	170	0.001038
5	180	0.001008
5	190	0.000860
5	200	0.000614
5	210	0.000914
5	220	0.008398
5	230	0.006656
5	240	0.000689
5	250	0.000456
5	260	0.000538
5	270	0.000626
5	280	0.000689
5	290	0.001251
5	300	0.001239
5	310	0.000576
5	320	0.000480
5	330	0.000611
5	340	0.000783
5	350	0.000967
10	0	0.000672
10	10	0.000879
10	20	0.000647
10	30	0.000521
10	40	0.002385
10	50	0.000808
10	60	0.000570
10	70	0.000657
10	80	0.000938
10	90	0.000757
10	100	0.000601
10	110	0.000549
10	120	0.000695
10	130	0.000527
10	140	0.004011
10	150	0.000895
10	160	0.001223
10	170	0.002086
10	180	0.000890
10	190	0.000645
10	200	0.003551
10	210	0.000653
10	220	0.000692
10	230	0.000637
10	240	0.000659
10	250	0.001652
10	260	0.001044
10	270	0.001081
10	280	0.003239
10	290	0.001285
10	300	0.001030
10	310	0.003439
10	320	0.000642
10	330	0.000522
10	340	0.000545
10	350	0.000625
15	0	0.000655
15	10	0.000596
15	20	0.000584
15	30	0.000671
15	40	0.001197
15	50	0.001128
15	60	0.000577
15	70	0.000520
15	80	0.000614
15	90	0.000511
15	100	0.000514
15	110	0.000618
15	120	0.000900
15	130	0.024508
15	140	0.000577
15	150	0.001875
15	160	0.000595
15	170	0.000766
15	180	0.000588
15	190	0.000567
15	200	0.000556
15	210	0.006732
15	220	0.000916
15	230	0.000923
15	240	0.002135
15	250	0.000646
15	260	0.000722
15	270	0.000638
15	280	0.000662
15	290	0.000705
15	300	0.000742
15	310	0.000717
15	320	0.055339
15	330	0.002290
15	340	0.000743
15	350	0.000615
20	0	0.001094
20	10	0.000749
20	20	0.000553
20	30	0.000659
20	40	0.000734
20	50	0.000755
20	60	0.000538
20	70	0.000496
20	80	0.001059
20	90	0.000858
20	100	0.000569
20	110	0.000314
20	120	0.000972
20	130	0.000615
20	140	0.000947
20	150	0.001075
20	160	0.011463
20	170	0.000915
20	180	0.000765
20	190	0.002358
20	200	0.005220
20	210	0.001985
20	220	0.000677
20	230	0.000603
20	240	0.002727
20	250	0.002723
20	260	0.002473
20	270	0.000755
20	280	0.000959
20	290	0.012632
20	300	0.000927
20	310	0.000000
20	320	0.000000
20	330	0.002729
20	340	0.000651
20	350	0.000619
25	0	0.000948
25	10	0.000495
25	20	0.000766
25	30	0.016865
25	40	0.000290
25	50	0.000556
25	60	0.145969
25	70	0.000371
25	80	0.000334
25	90	0.000379
25	100	0.000254
25	110	0.002546
25	120	0.001458
25	130	0.000759
25	140	0.025252
25	150	0.001273
25	160	0.001159
25	170	0.000959
25	180	0.000934
25	190	0.000669
25	200	0.037145
25	210	0.000660
25	220	0.001047
25	230	0.000731
25	240	0.000537
25	250	0.012630
25	260	0.004176
25	270	0.000753
25	280	0.000790
25	290	0.000868
25	300	0.001219
25	310	0.004000
25	320	0.000808
25	330	0.001180
25	340	0.003674
25	350	0.000537
30	0	0.000845
30	10	0.000671
30	20	0.000785
30	30	0.000509
30	40	0.000692
30	50	0.000513
30	60	0.000424
30	70	0.000334
30	80	0.000449
30	90	0.000388
30	100	0.000414
30	110	0.000792
30	120	0.000567
30	130	0.032568
30	140	0.000801
30	150	0.001185
30	160	0.001360
30	170	0.001231
30	180	0.001014
30	190	0.001132
30	200	0.002161
30	210	0.000623
30	220	0.001263
30	230	0.004675
30	240	0.000654
30	250	0.003405
30	260	0.003965
30	270	0.017010
30	280	0.002356
30	290	0.002281
30	300	0.001077
30	310	0.000978
30	320	0.231981
30	330	0.001110
30	340	0.012890
30	350	0.000713
35	0	0.005821
35	10	0.006948
35	20	0.006975
35	30	0.000414
35	40	0.000617
35	50	0.000346
35	60	0.000374
35	70	0.031755
35	80	0.000778
35	90	0.000653
35	100	0.001031
35	110	0.000931
35	120	0.000692
35	130	0.000838
35	140	0.001446
35	150	0.029424
35	160	0.001601
35	170	0.001115
35	180	0.001029
35	190	0.000725
35	200	0.000516
35	210	0.003073
35	220	0.000835
35	230	0.000650
35	240	0.001687
35	250	0.000707
35	260	0.000644
35	270	0.001229
35	280	0.000841
35	290	0.001146
35	300	0.028592
35	310	0.001220
35	320	0.001142
35	330	0.000837
35	340	0.000936
35	350	0.001076
40	10	0.002327
40	20	0.000468
40	30	0.000657
40	40	0.000305
40	50	0.000453
40	60	0.000645
40	70	0.000524
40	80	0.006657
40	90	0.000446
40	100	0.000583
40	110	0.000489
40	120	0.229860
40	130	0.001235
40	140	0.001820
40	150	0.001965
40	160	0.002265
40	170	0.001504
40	180	0.004010
40	190	0.001662
40	200	0.000673
40	210	0.001225
40	220	0.010460
40	230	0.043656
40	240	0.001078
40	250	0.000556
40	260	0.001005
40	270	0.001969
40	280	0.000786
40	290	0.000764
45	10	0.000655
45	20	0.000596
45	30	0.000670
45	40	0.000907
45	50	0.000921
45	60	0.000293
45	70	0.000288
45	80	0.000293
45	90	0.000580
45	100	0.000661
45	110	0.000414
45	120	0.000682
45	130	0.001229
45	140	0.001670
45	150	0.011299
45	160	0.003165
45	170	0.001612
45	180	0.001197
45	190	0.001522
45	200	0.002471
45	210	0.001494
45	220	0.001198
45	230	0.000841
45	240	0.000659
45	250	0.060336
45	260	0.001488
45	270	0.000853
45	280	0.000997
45	290	0.002912
50	10	0.000994
50	20	0.000793
50	30	0.000361
50	40	0.000781
50	50	0.000287
50	60	0.000208
50	70	0.000464
50	80	0.000505
50	90	0.000406
50	100	0.000714
50	110	0.000884
50	120	0.000964
50	130	0.001244
50	140	0.002422
50	150	0.290701
50	160	0.002371
50	170	0.011607
50	180	0.001204
50	190	0.094401
50	200	0.000783
50	210	0.005988
50	220	0.025752
50	230	0.011522
50	240	0.000983
50	250	0.000543
50	260	0.002807
50	270	0.000800
50	280	0.000839
50	290	0.000808
55	10	0.000617
55	20	0.000505
55	30	0.000466
55	40	0.000300
55	50	0.000228
55	60	0.009512
55	70	0.000411
55	80	0.000710
55	90	0.000438
55	100	0.015389
55	110	0.000461
55	120	0.004084
55	130	0.001393
55	140	0.001795
55	150	0.002311
55	160	0.002013
55	170	0.001881
55	180	0.003134
55	190	0.004259
55	200	0.001196
55	210	0.000675
55	220	0.002818
55	230	0.000974
55	240	0.000510
55	250	0.000581
55	260	0.000706
55	270	0.001371
55	280	0.000697
55	290	0.000916
60	10	0.000547
60	20	0.000369
60	30	0.001122
60	40	0.000350
60	50	0.000490
60	60	0.000344
60	70	0.003221
60	80	0.000134
60	90	0.000248
60	100	0.000134
60	110	0.000921
60	120	0.000401
60	130	0.000931
60	140	0.191960
60	150	0.001917
60	160	0.002114
60	170	0.002149
60	180	0.001802
60	190	0.007054
60	200	0.002336
60	210	0.000578
60	220	0.000895
60	230	0.000814
60	240	0.000458
60	250	0.000577
60	260	0.002548
60	270	0.000933
60	280	0.001018
60	290	0.000657
65	0	0.030261
65	10	0.000874
65	20	0.000761
65	30	0.000414
65	40	0.000700
65	50	0.001386
65	60	0.000211
65	70	0.000264
65	80	0.000731
65	90	0.000815
65	100	0.030007
65	110	0.000437
65	120	0.000670
65	130	0.000746
65	140	0.001559
65	150	0.002216
65	160	0.001616
65	170	0.001820
65	180	0.001183
65	190	0.001047
65	200	0.027423
65	210	0.000656
65	220	0.000523
65	230	0.000475
65	240	0.000597
65	250	0.002107
65	260	0.000520
65	270	0.000425
65	280	0.000675
65	290	0.000627
65	300	0.000783
65	310	0.000865
65	320	0.000873
65	330	0.000633
65	340	0.001111
65	350	0.003224
70	0	0.000889
70	10	0.001028
70	20	0.001154
70	30	0.000793
70	40	0.000726
70	50	0.000642
70	60	0.005919
70	70	0.001035
70	80	0.001180
70	90	0.001201
70	100	0.000940
70	110	0.001864
70	120	0.001129
70	130	0.001126
70	140	0.001173
70	150	0.001696
70	160	0.001883
70	170	0.001641
70	180	0.001662
70	190	0.001079
70	200	0.000828
70	210	0.001401
70	220	0.000706
70	230	0.000868
70	240	0.000723
70	250	0.000293
70	260	0.007017
70	270	0.000533
70	280	0.000527
70	290	0.000862
70	300	0.000717
70	310	0.000750
70	320	0.001171
70	330	0.000739
70	340	0.000786
70	350	0.001015
75	0	0.000621
75	10	0.000295
75	20	0.000394
75	30	0.000541
75	40	0.006420
75	50	0.000480
75	60	0.000713
75	70	0.001317
75	80	0.000406
75	90	0.000455
75	100	0.000271
75	110	0.000430
75	120	0.000369
75	130	0.001010
75	140	0.001277
75	150	0.001465
75	160	0.008449
75	170	0.001253
75	180	0.001508
75	190	0.001204
75	200	0.001097
75	210	0.045406
75	220	0.001033
75	230	0.000812
75	240	0.002549
75	250	0.000726
75	260	0.000713
75	270	0.000898
75	280	0.000357
75	290	0.000790
75	300	0.000778
75	310	0.000785
75	320	0.000778
75	330	0.000480
75	340	0.001819
75	350	0.000665
80	0	0.001221
80	10	0.000293
80	20	0.000862
80	30	0.000605
80	40	0.000312
80	50	0.000532
80	60	0.000953
80	70	0.001778
80	80	0.000568
80	90	0.000898
80	100	0.000348
80	110	0.000403
80	120	0.000513
80	130	0.003580
80	140	0.054809
80	150	0.002071
80	160	0.001367
80	170	0.002359
80	180	0.001476
80	190	0.002209
80	200	0.000880
80	210	0.004784
80	220	0.001045
80	230	0.000422
80	240	0.001228
80	250	0.002271
80	260	0.001027
80	270	0.000385
80	280	0.001100
80	290	0.000601
80	300	0.000803
80	310	0.000550
80	320	0.000926
80	330	0.000257
80	340	0.000869
80	350	0.000940
70	150
0	0	0.000443
5	0	0.000465
5	10	0.000443
5	20	0.000447
5	30	0.000387
5	40	0.000419
5	50	0.000485
5	60	0.000645
5	70	0.000587
5	80	0.000514
5	90	0.000459
5	100	0.000448
5	110	0.000398
5	120	0.000441
5	130	0.000604
5	140	0.000424
5	150	0.000440
5	160	0.000447
5	170	0.000470
5	180	0.000588
5	190	0.000733
5	200	0.000950
5	210	0.001153
5	220	0.001371
5	230	0.001273
5	240	0.000753
5	250	0.000435
5	260	0.000461
5	270	0.000519
5	280	0.000639
5	290	0.001149
5	300	0.026636
5	310	0.092238
5	320	0.019088
5	330	0.001354
5	340	0.000744
5	350	0.000539
10	0	0.000434
10	10	0.000455
10	20	0.000410
10	30	0.000394
10	40	0.001103
10	50	0.000684
10	60	0.000566
10	70	0.000573
10	80	0.000467
10	90	0.000410
10	100	0.000414
10	110	0.000452
10	120	0.000610
10	130	0.003649
10	140	0.257209
10	150	0.000712
10	160	0.000445
10	170	0.000429
10	180	0.000451
10	190	0.001219
10	200	0.001314
10	210	0.001044
10	220	0.000895
10	230	0.002524
10	240	0.000556
10	250	0.000656
10	260	0.000682
10	270	0.000450
10	280	0.000634
10	290	0.000964
10	300	0.000454
10	310	0.001021
10	320	0.000340
10	330	0.000525
10	340	0.000722
10	350	0.000593
15	0	0.000432
15	10	0.000398
15	20	0.003619
15	30	0.049211
15	40	0.000510
15	50	0.000433
15	60	0.000476
15	70	0.000598
15	80	0.000601
15	90	0.000484
15	100	0.000425
15	110	0.000756
15	120	0.000507
15	130	0.000413
15	140	0.000462
15	150	0.001232
15	160	0.002080
15	170	0.000510
15	180	0.000728
15	190	0.002520
15	200	0.002018
15	210	0.003328
15	220	0.000501
15	230	0.001855
15	240	0.355065
15	250	0.002893
15	260	0.000504
15	270	0.000503
15	280	0.002916
15	290	0.001433
15	300	0.005420
15	310	0.000362
15	320	0.000422
15	330	0.000863
15	340	0.002487
15	350	0.000760
20	0	0.000453
20	10	0.000411
20	20	0.001788
20	30	0.000426
20	40	0.000431
20	50	0.000737
20	60	0.000566
20	70	0.000475
20	80	0.000496
20	90	0.000449
20	100	0.000471
20	110	0.000624
20	120	0.001413
20	130	0.000455
20	140	0.000331
20	150	0.000265
20	160	0.003286
20	170	0.000480
20	180	0.000738
20	190	0.001531
20	200	0.000803
20	210	0.001165
20	220	0.002933
20	230	0.000813
20	240	0.000572
20	250	0.003411
20	260	0.000667
20	270	0.000359
20	280	0.000803
20	290	0.001883
20	300	0.000000
20	310	0.000000
20	320	0.000000
20	330	0.000000
20	340	0.000397
20	350	0.000471
25	0	0.000354
25	10	0.000639
25	20	0.000562
25	30	0.000303
25	40	0.001566
25	50	0.000253
25	60	0.000668
25	70	0.000395
25	80	0.000154
25	90	0.000162
25	100	0.000264
25	110	0.000552
25	120	0.003547
25	130	0.001307
25	140	0.003965
25	150	0.003129
25	160	0.001328
25	170	0.001271
25	180	0.000868
25	190	0.002898
25	200	0.001282
25	210	0.000966
25	220	0.000938
25	230	0.001054
25	240	0.000523
25	250	0.304448
25	260	0.001812
25	270	0.000809
25	280	0.005623
25	290	0.003196
25	300	0.000818
25	310	0.000597
25	320	0.000421
25	330	0.000945
25	340	0.003196
25	350	0.010445
30	0	0.000551
30	10	0.000493
30	20	0.000309
30	30	0.000530
30	40	0.000592
30	50	0.000766
30	60	0.000617
30	70	0.000420
30	80	0.000514
30	90	0.000537
30	100	0.000462
30	110	0.001109
30	120	0.001198
30	130	0.001727
30	140	0.000757
30	150	0.002148
30	160	0.002690
30	170	0.001360
30	180	0.002055
30	190	0.001400
30	200	0.001580
30	210	0.004820
30	220	0.000669
30	230	0.187505
30	240	0.002467
30	250	0.000579
30	260	0.000496
30	270	0.000337
30	280	0.000531
30	290	0.000522
30	300	0.001419
30	310	0.000816
30	320	0.015970
30	330	0.001290
30	340	0.000504
30	350	0.000687
35	0	0.000979
35	10	0.011708
35	20	0.000507
35	30	0.003967
35	40	0.000257
35	50	0.000279
35	60	0.000337
35	70	0.000389
35	80	0.000301
35	90	0.000235
35	100	0.000464
35	110	0.000612
35	120	0.001003
35	130	0.000551
35	140	0.000905
35	150	0.064134
35	160	0.002161
35	170	0.000672
35	180	0.000834
35	190	0.000689
35	200	0.000487
35	210	0.001308
35	220	0.001261
35	230	0.000633
35	240	0.002056
35	250	0.000651
35	260	0.001798
35	270	0.001676
35	280	0.001008
35	290	0.000577
35	300	0.002444
35	310	0.000420
35	320	0.000416
35	330	0.000600
35	340	0.000641
35	350	0.000863
40	0	0.000317
40	10	0.000355
40	20	0.000288
40	30	0.000602
40	40	0.000486
40	50	0.000558
40	60	0.001061
40	70	0.000403
40	80	0.000381
40	90	0.000432
40	100	0.024990
40	110	0.000300
40	120	0.000573
40	130	0.000995
40	140	0.001413
40	150	0.001296
40	160	0.001342
40	170	0.216426
40	180	0.006420
40	190	0.001380
40	200	0.002826
40	210	0.001239
40	220	0.002872
40	230	0.000560
40	240	0.102672
40	250	0.000569
40	260	0.000524
40	270	0.000508
40	280	0.000523
40	290	0.001417
40	300	0.000698
40	310	0.004097
40	320	0.005526
40	330	0.005192
40	340	0.000760
40	350	0.000565
45	0	0.000570
45	10	0.000379
45	20	0.000464
45	30	0.000243
45	40	0.000288
45	50	0.000230
45	60	0.000482
45	70	0.000266
45	80	0.000468
45	90	0.000428
45	100	0.000248
45	110	0.000595
45	120	0.000709
45	130	0.001045
45	140	0.001328
45	150	0.003158
45	160	0.002089
45	170	0.001103
45	180	0.001059
45	190	0.000818
45	200	0.002557
45	210	0.000902
45	220	0.000664
45	230	0.001020
45	240	0.000666
45	250	0.000618
45	260	0.000589
45	270	0.000582
45	280	0.000571
45	290	0.000989
45	300	0.000918
45	310	0.000815
45	320	0.000743
45	330	0.000797
45	340	0.004791
45	350	0.000670
50	0	0.001245
50	10	0.000740
50	20	0.000431
50	30	0.000791
50	40	0.000391
50	50	0.000327
50	60	0.000442
50	70	0.000366
50	80	0.000238
50	90	0.000149
50	100	0.000500
50	110	0.000332
50	120	0.000581
50	130	0.000978
50	140	0.002131
50	150	0.002286
50	160	0.001979
50	170	0.001447
50	180	0.001204
50	190	0.000840
50	200	0.000759
50	210	0.429221
50	220	0.000718
50	230	0.001304
50	240	0.001270
50	250	0.000747
50	260	0.098904
50	270	0.000837
50	280	0.009963
50	290	0.000753
50	300	0.001134
50	310	0.003372
50	320	0.002448
50	330	0.000966
50	340	0.000900
50	350	0.000883
55	0	0.000768
55	10	0.000388
55	20	0.000724
55	30	0.000372
55	40	0.000488
55	50	0.000511
55	60	0.000294
55	70	0.000544
55	80	0.001720
55	90	0.000718
55	100	0.007814
55	110	0.000333
55	120	0.000577
55	130	0.001357
55	140	0.002732
55	150	0.005645
55	160	0.002782
55	170	5.993961
55	180	0.016341
55	190	0.003750
55	200	0.000907
55	210	0.001081
55	220	0.000904
55	230	0.000840
55	240	0.000777
55	250	0.001344
55	260	0.000679
55	270	0.000655
55	280	0.000642
55	290	0.000735
55	300	0.000855
55	310	0.000950
55	320	0.001154
55	330	0.001285
55	340	0.001330
55	350	0.000968
60	10	0.000567
60	20	0.000758
60	30	0.000490
60	40	0.000710
60	50	0.000450
60	60	0.000643
60	70	0.000940
60	80	0.000598
60	90	0.000363
60	100	0.000369
60	110	0.051235
60	120	0.000880
60	130	0.001951
60	140	0.003570
60	150	0.005025
60	160	2.388050
60	170	0.002475
60	180	0.001566
60	190	0.001261
60	200	0.003906
60	210	0.001140
60	220	0.536848
60	230	0.015422
60	240	0.001145
60	250	0.000752
60	260	0.000700
60	270	0.000656
60	280	0.000630
60	290	0.000681
65	10	0.000851
65	20	0.000346
65	30	0.000806
65	40	0.000309
65	50	0.000753
65	60	0.000770
65	70	0.000392
65	80	0.004278
65	90	0.000316
65	100	0.000783
65	110	0.000467
65	120	0.001197
65	130	0.004873
65	140	0.006764
65	150	0.015659
65	160	0.006492
65	170	0.007065
65	180	0.002011
65	190	0.001666
65	200	0.001320
65	210	0.002587
65	220	0.001109
65	230	0.000816
65	240	0.000903
65	250	0.000658
65	260	0.000569
65	270	0.000542
65	280	0.000576
65	290	0.000735
70	10	0.000869
70	20	0.001216
70	30	0.000743
70	40	0.000957
70	50	0.000917
70	60	0.001273
70	70	0.001326
70	80	0.000927
70	90	0.001250
70	100	0.000777
70	110	0.001097
70	120	0.133673
70	130	0.003881
70	140	0.008981
70	150	13.428111
70	160	0.013886
70	170	0.005230
70	180	0.002027
70	190	0.001381
70	200	0.002475
70	210	0.003285
70	220	0.001583
70	230	0.001079
70	240	0.000651
70	250	0.000967
70	260	0.001271
70	270	0.000842
70	280	0.000906
70	290	0.000848
75	10	0.000931
75	20	0.000782
75	30	0.001033
75	40	0.000985
75	50	0.000814
75	60	0.001349
75	70	0.000734
75	80	0.001033
75	90	0.000603
75	100	0.000931
75	110	0.001441
75	120	0.002070
75	130	0.005854
75	140	0.012139
75	150	0.018474
75	160	0.011241
75	170	0.005916
75	180	0.004452
75	190	0.002219
75	200	0.003107
75	210	0.002537
75	220	0.001208
75	230	0.001152
75	240	0.003763
75	250	0.001130
75	260	0.000787
75	270	0.000676
75	280	0.000492
75	290	0.000972
80	10	0.001399
80	20	0.000917
80	30	0.000862
80	40	0.003661
80	50	0.001411
80	60	0.001637
80	70	0.001027
80	80	0.001356
80	90	0.001043
80	100	0.001675
80	110	0.001342
80	120	0.003190
80	130	0.006911
80	140	0.013161
80	150	0.023821
80	160	0.013895
80	170	0.035305
80	180	0.031071
80	190	0.001923
80	200	0.002735
80	210	0.002379
80	220	0.008707
80	230	0.002152
80	240	0.001448
80	250	0.000825
80	260	0.000477
80	270	0.000623
80	280	0.000678
80	290	0.000863
