BRF Values
LOFT - 12-Cycle Set - Z307 on Al (3x6, small FOV)
Measurements taken on Fri Sep 17:55:42 by Jacob
BRF values calculated with F:\data\sorted\data_processing_programs\blacklab_rf_calculator_MATLAB\Black_Lab_BRF_v6.m using 0/45 configuration
NIST BRF values linearly interpolated from F:\data\sorted\data_processing_programs\blacklab_rf_calculator_MATLAB\NIST RF files\RSG_working_NIST_standard\NIST_291181-Revised_24477-1-1_0-45_Extended.txt
src_z	src_a	view_z	view_a	385.65nm	630.79nm	852.23nm	1059.04nm
  0.000	  0.000	 45.000	  0.000	0.017341	0.026283	0.027772	0.031480
 10.000	  0.000	 75.000	180.000	0.020581	0.031330	0.032733	0.033967
 10.000	  0.000	 70.000	180.000	0.019112	0.029918	0.031969	0.034155
 10.000	  0.000	 65.000	180.000	0.018437	0.028726	0.031022	0.033926
 10.000	  0.000	 60.000	180.000	0.018088	0.027699	0.030044	0.033791
 10.000	  0.000	 55.000	180.000	0.017662	0.026924	0.029422	0.033697
 10.000	  0.000	 50.000	180.000	0.017874	0.026253	0.028739	0.034219
 10.000	  0.000	 45.000	180.000	0.017334	0.025916	0.028582	0.034564
 10.000	  0.000	 40.000	180.000	0.017288	0.025757	0.028563	0.035284
 10.000	  0.000	 35.000	180.000	0.016880	0.025829	0.028908	0.036768
 10.000	  0.000	 30.000	180.000	0.018129	0.026004	0.029242	0.039456
 10.000	  0.000	 25.000	180.000	0.017659	0.026438	0.029987	0.042313
 10.000	  0.000	 20.000	180.000	0.017979	0.026701	0.030552	0.044073
 10.000	  0.000	 15.000	180.000	0.018500	0.027352	0.031633	0.047912
 10.000	  0.000	 10.000	180.000	0.020748	0.028032	0.033038	0.052094
 10.000	  0.000	  5.000	180.000	0.020223	0.028370	0.033031	0.050993
 10.000	  0.000	  2.000	180.000	0.020405	0.028606	0.032971	0.048889
 10.000	  0.000	 22.000	  0.000	0.019400	0.027730	0.029411	0.034427
 10.000	  0.000	 25.000	  0.000	0.018931	0.027454	0.029013	0.033861
 10.000	  0.000	 30.000	  0.000	0.017788	0.026918	0.028414	0.032223
 10.000	  0.000	 35.000	  0.000	0.017746	0.026603	0.027906	0.031509
 10.000	  0.000	 40.000	  0.000	0.016968	0.026404	0.027597	0.030653
 10.000	  0.000	 45.000	  0.000	0.017190	0.026210	0.027184	0.029714
 10.000	  0.000	 50.000	  0.000	0.016498	0.026114	0.026990	0.029304
 10.000	  0.000	 55.000	  0.000	0.016838	0.026174	0.026852	0.028692
 10.000	  0.000	 60.000	  0.000	0.016412	0.026175	0.026664	0.028251
 10.000	  0.000	 65.000	  0.000	0.017341	0.026319	0.026730	0.027713
 10.000	  0.000	 70.000	  0.000	0.017016	0.026459	0.026524	0.027110
 10.000	  0.000	 75.000	  0.000	0.017105	0.026491	0.026180	0.026038
 30.000	  0.000	 75.000	180.000	0.043386	0.055270	0.062057	0.067396
 30.000	  0.000	 70.000	180.000	0.027726	0.048914	0.055309	0.062011
 30.000	  0.000	 65.000	180.000	0.024017	0.043515	0.050001	0.057723
 30.000	  0.000	 60.000	180.000	0.022116	0.038991	0.045216	0.054207
 30.000	  0.000	 55.000	180.000	0.020768	0.035801	0.041695	0.051613
 30.000	  0.000	 50.000	180.000	0.019945	0.033591	0.039397	0.050574
 30.000	  0.000	 45.000	180.000	0.019808	0.031859	0.037581	0.050943
 30.000	  0.000	 40.000	180.000	0.018805	0.030676	0.035707	0.050291
 30.000	  0.000	 35.000	180.000	0.018580	0.029924	0.035001	0.050677
 30.000	  0.000	 30.000	180.000	0.019029	0.029424	0.034690	0.052203
 30.000	  0.000	 25.000	180.000	0.019117	0.028682	0.033784	0.050382
 30.000	  0.000	 20.000	180.000	0.018982	0.028020	0.032921	0.049331
 30.000	  0.000	 15.000	180.000	0.018058	0.027426	0.031650	0.045010
 30.000	  0.000	 10.000	180.000	0.017305	0.026822	0.030364	0.040610
 30.000	  0.000	  5.000	180.000	0.017938	0.026440	0.029555	0.037482
 30.000	  0.000	  0.000	  0.000	0.017634	0.026560	0.028750	0.034944
 30.000	  0.000	  5.000	  0.000	0.017791	0.026755	0.028471	0.033424
 30.000	  0.000	 10.000	  0.000	0.018243	0.027025	0.028404	0.032552
 30.000	  0.000	 15.000	  0.000	0.019114	0.027471	0.028650	0.032144
 30.000	  0.000	 18.000	  0.000	0.019589	0.028012	0.028927	0.032216
 30.000	  0.000	 42.000	  0.000	0.020782	0.028861	0.028920	0.030455
 30.000	  0.000	 45.000	  0.000	0.019091	0.028534	0.028526	0.030248
 30.000	  0.000	 50.000	  0.000	0.019045	0.028037	0.028033	0.029223
 30.000	  0.000	 55.000	  0.000	0.018277	0.027655	0.027438	0.028453
 30.000	  0.000	 60.000	  0.000	0.017932	0.027387	0.027067	0.027881
 30.000	  0.000	 65.000	  0.000	0.017754	0.027091	0.026534	0.027057
 30.000	  0.000	 70.000	  0.000	0.017510	0.026807	0.026047	0.026091
 30.000	  0.000	 75.000	  0.000	0.017122	0.026303	0.025181	0.024492
 50.000	  0.000	 75.000	180.000	0.123313	0.173815	0.219552	0.254043
 50.000	  0.000	 70.000	180.000	0.093355	0.132863	0.168684	0.204885
 50.000	  0.000	 65.000	180.000	0.073043	0.102969	0.131895	0.165759
 50.000	  0.000	 60.000	180.000	0.058505	0.082648	0.104114	0.135074
 50.000	  0.000	 55.000	180.000	0.034464	0.067294	0.084246	0.112010
 50.000	  0.000	 50.000	180.000	0.031536	0.057986	0.071484	0.097696
 50.000	  0.000	 45.000	180.000	0.028876	0.049923	0.061391	0.087181
 50.000	  0.000	 40.000	180.000	0.026583	0.044484	0.054255	0.080577
 50.000	  0.000	 35.000	180.000	0.023632	0.038815	0.046548	0.065524
 50.000	  0.000	 30.000	180.000	0.021001	0.034862	0.040748	0.055394
 50.000	  0.000	 25.000	180.000	0.019806	0.032159	0.037058	0.047867
 50.000	  0.000	 20.000	180.000	0.018575	0.030133	0.034337	0.043222
 50.000	  0.000	 15.000	180.000	0.017957	0.028784	0.032297	0.039680
 50.000	  0.000	 10.000	180.000	0.018115	0.027638	0.030555	0.036800
 50.000	  0.000	  5.000	180.000	0.017289	0.026874	0.029183	0.033876
 50.000	  0.000	  0.000	  0.000	0.016919	0.026609	0.028364	0.032089
 50.000	  0.000	  5.000	  0.000	0.016860	0.026360	0.027712	0.030632
 50.000	  0.000	 10.000	  0.000	0.017131	0.026280	0.027275	0.029810
 50.000	  0.000	 15.000	  0.000	0.017153	0.026336	0.027109	0.029157
 50.000	  0.000	 20.000	  0.000	0.017537	0.026833	0.027068	0.029148
 50.000	  0.000	 25.000	  0.000	0.018135	0.027405	0.027567	0.029117
 50.000	  0.000	 30.000	  0.000	0.018750	0.028149	0.027985	0.029403
 50.000	  0.000	 35.000	  0.000	0.020237	0.029294	0.028972	0.030074
 50.000	  0.000	 38.000	  0.000	0.020769	0.030168	0.029546	0.030657
 50.000	  0.000	 62.000	  0.000	0.023506	0.033451	0.031865	0.032277
 50.000	  0.000	 65.000	  0.000	0.022783	0.032986	0.031455	0.031807
 50.000	  0.000	 70.000	  0.000	0.022644	0.032206	0.030670	0.030494
 50.000	  0.000	 75.000	  0.000	0.021495	0.031312	0.029364	0.028654
 70.000	  0.000	 75.000	180.000	0.831096	1.375302	2.245856	3.201186
 70.000	  0.000	 70.000	180.000	0.481087	0.782513	1.218299	1.754683
 70.000	  0.000	 65.000	180.000	0.311451	0.483043	0.692798	0.987761
 70.000	  0.000	 60.000	180.000	0.195752	0.298675	0.416375	0.557196
 70.000	  0.000	 55.000	180.000	0.130808	0.199531	0.266375	0.343262
 70.000	  0.000	 50.000	180.000	0.066747	0.137909	0.177109	0.222789
 70.000	  0.000	 45.000	180.000	0.049378	0.101581	0.126093	0.153812
 70.000	  0.000	 40.000	180.000	0.039619	0.077712	0.093295	0.113226
 70.000	  0.000	 35.000	180.000	0.033364	0.061972	0.072666	0.086223
 70.000	  0.000	 30.000	180.000	0.028686	0.051421	0.059414	0.068783
 70.000	  0.000	 25.000	180.000	0.024856	0.044058	0.049154	0.057516
 70.000	  0.000	 20.000	180.000	0.021654	0.038671	0.042365	0.048859
 70.000	  0.000	 15.000	180.000	0.019509	0.034932	0.038037	0.042662
 70.000	  0.000	 10.000	180.000	0.019141	0.032001	0.034023	0.038051
 70.000	  0.000	  5.000	180.000	0.018709	0.029960	0.031760	0.034722
 70.000	  0.000	  0.000	  0.000	0.018174	0.028490	0.029639	0.031991
 70.000	  0.000	  5.000	  0.000	0.017040	0.027525	0.028300	0.030091
 70.000	  0.000	 10.000	  0.000	0.017354	0.027078	0.027293	0.028786
 70.000	  0.000	 15.000	  0.000	0.016478	0.026465	0.026839	0.028079
 70.000	  0.000	 20.000	  0.000	0.015959	0.026545	0.026642	0.027649
 70.000	  0.000	 25.000	  0.000	0.017910	0.026827	0.026523	0.027545
 70.000	  0.000	 30.000	  0.000	0.015887	0.027239	0.026884	0.027795
 70.000	  0.000	 35.000	  0.000	0.018655	0.028078	0.027575	0.028463
 70.000	  0.000	 40.000	  0.000	0.019429	0.029209	0.028743	0.029402
 70.000	  0.000	 45.000	  0.000	0.019999	0.030780	0.030262	0.031088
 70.000	  0.000	 50.000	  0.000	0.021035	0.033047	0.032613	0.033851
 70.000	  0.000	 55.000	  0.000	0.024128	0.036137	0.035914	0.038150
 70.000	  0.000	 58.000	  0.000	0.025866	0.037838	0.035820	0.036030
  0.000	  0.000	 45.000	  0.000	0.017026	0.026308	0.027806	0.031424
