BRF Values
Working ref for 12-cycle Z307 on Al, small FOV
Measurements taken on Fri Sep 15:57:16 by Jacob
BRF values calculated with F:\data\sorted\data_processing_programs\blacklab_rf_calculator_MATLAB\Black_Lab_BRF_v6.m using 0/45 configuration
NIST BRF values linearly interpolated from F:\data\sorted\data_processing_programs\blacklab_rf_calculator_MATLAB\NIST RF files\RSG_working_NIST_standard\NIST_291181-Revised_24477-1-1_0-45_Extended.txt
src_z	src_a	view_z	view_a	385.65nm	630.79nm	852.23nm	1059.04nm
  0.000	  0.000	 45.000	  0.000	1.012086	1.021682	1.022421	1.019250
 10.000	  0.000	 75.000	180.000	0.898904	0.911582	0.914512	0.903851
 10.000	  0.000	 70.000	180.000	0.934389	0.946719	0.947860	0.939893
 10.000	  0.000	 65.000	180.000	0.961449	0.971780	0.972864	0.968169
 10.000	  0.000	 60.000	180.000	0.979977	0.992271	0.994839	0.990334
 10.000	  0.000	 55.000	180.000	0.997450	1.008457	1.009174	1.010141
 10.000	  0.000	 50.000	180.000	1.012555	1.022466	1.021136	1.021713
 10.000	  0.000	 45.000	180.000	1.020598	1.035068	1.035127	1.037060
 10.000	  0.000	 40.000	180.000	1.032043	1.043742	1.044418	1.045496
 10.000	  0.000	 35.000	180.000	1.039033	1.051510	1.052577	1.053759
 10.000	  0.000	 30.000	180.000	1.044447	1.058229	1.057937	1.060732
 10.000	  0.000	 25.000	180.000	1.052083	1.062816	1.064337	1.066737
 10.000	  0.000	 20.000	180.000	1.053206	1.067616	1.068363	1.069917
 10.000	  0.000	 15.000	180.000	1.056738	1.071449	1.072502	1.076425
 10.000	  0.000	 10.000	180.000	1.059820	1.075994	1.076274	1.078540
 10.000	  0.000	  5.000	180.000	1.064075	1.079159	1.080118	1.079141
 10.000	  0.000	  2.000	180.000	1.066430	1.080366	1.081291	1.084271
 10.000	  0.000	 22.000	  0.000	1.051958	1.063453	1.063827	1.063335
 10.000	  0.000	 25.000	  0.000	1.045966	1.057884	1.054982	1.060364
 10.000	  0.000	 30.000	  0.000	1.033793	1.047416	1.046271	1.046336
 10.000	  0.000	 35.000	  0.000	1.027577	1.036173	1.035698	1.036824
 10.000	  0.000	 40.000	  0.000	1.015689	1.025489	1.023555	1.021176
 10.000	  0.000	 45.000	  0.000	1.001407	1.009700	1.008160	1.008237
 10.000	  0.000	 50.000	  0.000	0.987358	0.995414	0.993267	0.991887
 10.000	  0.000	 55.000	  0.000	0.968968	0.976824	0.975792	0.973769
 10.000	  0.000	 60.000	  0.000	0.949569	0.957352	0.955544	0.953082
 10.000	  0.000	 65.000	  0.000	0.921569	0.928694	0.929533	0.925473
 10.000	  0.000	 70.000	  0.000	0.892964	0.899864	0.897007	0.892840
 10.000	  0.000	 75.000	  0.000	0.852376	0.861197	0.859538	0.850273
 30.000	  0.000	 75.000	180.000	0.978129	0.998014	1.002425	0.993240
 30.000	  0.000	 70.000	180.000	1.004545	1.021546	1.028520	1.021586
 30.000	  0.000	 65.000	180.000	1.017557	1.037795	1.043642	1.041356
 30.000	  0.000	 60.000	180.000	1.029686	1.049519	1.051154	1.051833
 30.000	  0.000	 55.000	180.000	1.034643	1.057578	1.062472	1.061844
 30.000	  0.000	 50.000	180.000	1.042121	1.058549	1.065522	1.066474
 30.000	  0.000	 45.000	180.000	1.046072	1.062162	1.068291	1.070783
 30.000	  0.000	 40.000	180.000	1.046929	1.065545	1.069837	1.071320
 30.000	  0.000	 35.000	180.000	1.047262	1.063598	1.066637	1.070516
 30.000	  0.000	 30.000	180.000	1.048167	1.063820	1.065544	1.069259
 30.000	  0.000	 25.000	180.000	1.046979	1.062698	1.065078	1.065074
 30.000	  0.000	 20.000	180.000	1.045974	1.062605	1.064567	1.065239
 30.000	  0.000	 15.000	180.000	1.044113	1.060218	1.063401	1.063199
 30.000	  0.000	 10.000	180.000	1.044990	1.059000	1.059119	1.059943
 30.000	  0.000	  5.000	180.000	1.041120	1.055981	1.054367	1.059085
 30.000	  0.000	  0.000	  0.000	1.038895	1.052048	1.053407	1.053472
 30.000	  0.000	  5.000	  0.000	1.036787	1.052081	1.049930	1.050544
 30.000	  0.000	 10.000	  0.000	1.035001	1.046845	1.046916	1.046938
 30.000	  0.000	 15.000	  0.000	1.035100	1.045228	1.045114	1.044461
 30.000	  0.000	 18.000	  0.000	1.031943	1.044916	1.044523	1.041290
 30.000	  0.000	 42.000	  0.000	0.995359	1.001934	0.999292	0.997746
 30.000	  0.000	 45.000	  0.000	0.985927	0.991710	0.989903	0.988887
 30.000	  0.000	 50.000	  0.000	0.970600	0.976266	0.972340	0.969237
 30.000	  0.000	 55.000	  0.000	0.951445	0.957066	0.952208	0.950522
 30.000	  0.000	 60.000	  0.000	0.930913	0.933866	0.931545	0.928659
 30.000	  0.000	 65.000	  0.000	0.906968	0.909310	0.905840	0.901858
 30.000	  0.000	 70.000	  0.000	0.876066	0.878650	0.876366	0.870912
 30.000	  0.000	 75.000	  0.000	0.835052	0.839629	0.836079	0.825736
 50.000	  0.000	 75.000	180.000	1.167148	1.203016	1.220838	1.213267
 50.000	  0.000	 70.000	180.000	1.155265	1.188098	1.205920	1.202363
 50.000	  0.000	 65.000	180.000	1.136563	1.171302	1.183422	1.183716
 50.000	  0.000	 60.000	180.000	1.118198	1.151297	1.166390	1.167749
 50.000	  0.000	 55.000	180.000	1.101864	1.135655	1.142000	1.148503
 50.000	  0.000	 50.000	180.000	1.089226	1.116325	1.126372	1.130639
 50.000	  0.000	 45.000	180.000	1.075821	1.100206	1.108833	1.114031
 50.000	  0.000	 40.000	180.000	1.063991	1.089313	1.094011	1.098514
 50.000	  0.000	 35.000	180.000	1.052324	1.074030	1.079316	1.084814
 50.000	  0.000	 30.000	180.000	1.041117	1.061733	1.064519	1.068468
 50.000	  0.000	 25.000	180.000	1.031898	1.049401	1.053730	1.054910
 50.000	  0.000	 20.000	180.000	1.025496	1.041704	1.043094	1.043726
 50.000	  0.000	 15.000	180.000	1.015076	1.032992	1.032435	1.035779
 50.000	  0.000	 10.000	180.000	1.009537	1.022996	1.025157	1.024536
 50.000	  0.000	  5.000	180.000	1.001899	1.017190	1.015956	1.015935
 50.000	  0.000	  0.000	  0.000	0.994742	1.009565	1.006291	1.009232
 50.000	  0.000	  5.000	  0.000	0.991015	1.003323	1.002463	1.001116
 50.000	  0.000	 10.000	  0.000	0.984960	0.998754	0.997487	0.995580
 50.000	  0.000	 15.000	  0.000	0.982558	0.992402	0.991622	0.989951
 50.000	  0.000	 20.000	  0.000	0.976224	0.986826	0.986143	0.981931
 50.000	  0.000	 25.000	  0.000	0.972383	0.985333	0.979258	0.978117
 50.000	  0.000	 30.000	  0.000	0.969727	0.977888	0.974691	0.973429
 50.000	  0.000	 35.000	  0.000	0.968254	0.975910	0.971011	0.967781
 50.000	  0.000	 38.000	  0.000	0.966783	0.973593	0.970897	0.963510
 50.000	  0.000	 62.000	  0.000	0.916586	0.916113	0.908738	0.904392
 50.000	  0.000	 65.000	  0.000	0.901351	0.903223	0.891610	0.889333
 50.000	  0.000	 70.000	  0.000	0.874086	0.871134	0.864480	0.857541
 50.000	  0.000	 75.000	  0.000	0.839197	0.838010	0.828929	0.817454
 70.000	  0.000	 75.000	180.000	1.870568	1.970117	2.025325	2.031079
 70.000	  0.000	 70.000	180.000	1.608620	1.694970	1.743657	1.733239
 70.000	  0.000	 65.000	180.000	1.437050	1.507584	1.540807	1.548779
 70.000	  0.000	 60.000	180.000	1.311469	1.369077	1.395623	1.406926
 70.000	  0.000	 55.000	180.000	1.222942	1.269943	1.291564	1.305460
 70.000	  0.000	 50.000	180.000	1.150531	1.196040	1.213698	1.220597
 70.000	  0.000	 45.000	180.000	1.098554	1.140547	1.154614	1.157705
 70.000	  0.000	 40.000	180.000	1.058690	1.093901	1.105068	1.114081
 70.000	  0.000	 35.000	180.000	1.025839	1.058488	1.068512	1.070353
 70.000	  0.000	 30.000	180.000	0.999000	1.030370	1.034187	1.039289
 70.000	  0.000	 25.000	180.000	0.976959	1.002350	1.005953	1.011893
 70.000	  0.000	 20.000	180.000	0.958022	0.982952	0.988303	0.990124
 70.000	  0.000	 15.000	180.000	0.942574	0.966777	0.965726	0.971723
 70.000	  0.000	 10.000	180.000	0.927090	0.951472	0.953686	0.955174
 70.000	  0.000	  5.000	180.000	0.916133	0.939164	0.939550	0.940993
 70.000	  0.000	  0.000	  0.000	0.906175	0.927667	0.927348	0.926986
 70.000	  0.000	  5.000	  0.000	0.898850	0.919286	0.917767	0.920661
 70.000	  0.000	 10.000	  0.000	0.892593	0.911108	0.911088	0.910755
 70.000	  0.000	 15.000	  0.000	0.887747	0.905300	0.904663	0.905961
 70.000	  0.000	 20.000	  0.000	0.883799	0.900629	0.898320	0.897895
 70.000	  0.000	 25.000	  0.000	0.879931	0.894972	0.894522	0.894252
 70.000	  0.000	 30.000	  0.000	0.876535	0.891334	0.888654	0.888276
 70.000	  0.000	 35.000	  0.000	0.877660	0.890462	0.885760	0.884798
 70.000	  0.000	 40.000	  0.000	0.878469	0.887680	0.884116	0.882646
 70.000	  0.000	 45.000	  0.000	0.878614	0.888564	0.882263	0.877693
 70.000	  0.000	 50.000	  0.000	0.880902	0.887829	0.884184	0.877934
 70.000	  0.000	 55.000	  0.000	0.888239	0.891067	0.882794	0.881764
 70.000	  0.000	 58.000	  0.000	0.890927	0.893594	0.881720	0.873587
  0.000	  0.000	 45.000	  0.000	1.011634	1.020168	1.020040	1.020826
