Jacob K	Fri Sep 11 18:45:17 2026
LOFT - 12-Cycle Set - Z307 on Al (3x6, small FOV)
1059.04 nanometers
114
  45.000	   0.000	   0.000	   0.000	0.168652	0.000490	 0.291
  85.000	  10.000	   0.000	 180.000	0.179210	0.000539	 0.301
  80.000	  10.000	   0.000	 180.000	0.180203	0.000452	 0.251
  75.000	  10.000	   0.000	 180.000	0.178992	0.000470	 0.263
  70.000	  10.000	   0.000	 180.000	0.178280	0.000412	 0.231
  65.000	  10.000	   0.000	 180.000	0.177787	0.000531	 0.298
  60.000	  10.000	   0.000	 180.000	0.180537	0.000490	 0.271
  55.000	  10.000	   0.000	 180.000	0.182358	0.000562	 0.308
  50.000	  10.000	   0.000	 180.000	0.186160	0.000479	 0.257
  45.000	  10.000	   0.000	 180.000	0.193987	0.000568	 0.293
  40.000	  10.000	   0.000	 180.000	0.208168	0.000462	 0.222
  35.000	  10.000	   0.000	 180.000	0.223243	0.000763	 0.342
  30.000	  10.000	   0.000	 180.000	0.232530	0.000736	 0.317
  25.000	  10.000	   0.000	 180.000	0.252783	0.000537	 0.212
  20.000	  10.000	   0.000	 180.000	0.274846	0.000647	 0.235
  15.000	  10.000	   0.000	 180.000	0.269041	0.000599	 0.223
  12.000	  10.000	   0.000	 180.000	0.257936	0.000436	 0.169
  12.000	 -10.000	   0.000	   0.000	0.181636	0.000293	 0.161
  15.000	 -10.000	   0.000	   0.000	0.178651	0.000586	 0.328
  20.000	 -10.000	   0.000	   0.000	0.170008	0.000607	 0.357
  25.000	 -10.000	   0.000	   0.000	0.166243	0.000764	 0.459
  30.000	 -10.000	   0.000	   0.000	0.161723	0.000348	 0.215
  35.000	 -10.000	   0.000	   0.000	0.156771	0.000502	 0.320
  40.000	 -10.000	   0.000	   0.000	0.154607	0.000433	 0.280
  45.000	 -10.000	   0.000	   0.000	0.151380	0.000350	 0.231
  50.000	 -10.000	   0.000	   0.000	0.149052	0.000397	 0.267
  55.000	 -10.000	   0.000	   0.000	0.146213	0.000452	 0.309
  60.000	 -10.000	   0.000	   0.000	0.143035	0.000431	 0.301
  65.000	 -10.000	   0.000	   0.000	0.137376	0.000361	 0.263
 105.000	  30.000	   0.000	 180.000	0.312691	0.000884	 0.283
 100.000	  30.000	   0.000	 180.000	0.287710	0.000787	 0.274
  95.000	  30.000	   0.000	 180.000	0.267815	0.000868	 0.324
  90.000	  30.000	   0.000	 180.000	0.251501	0.000599	 0.238
  85.000	  30.000	   0.000	 180.000	0.239464	0.000703	 0.294
  80.000	  30.000	   0.000	 180.000	0.234643	0.000575	 0.245
  75.000	  30.000	   0.000	 180.000	0.236358	0.000506	 0.214
  70.000	  30.000	   0.000	 180.000	0.233330	0.000368	 0.158
  65.000	  30.000	   0.000	 180.000	0.235121	0.000631	 0.268
  60.000	  30.000	   0.000	 180.000	0.242203	0.000485	 0.200
  55.000	  30.000	   0.000	 180.000	0.233754	0.000492	 0.210
  50.000	  30.000	   0.000	 180.000	0.228877	0.000646	 0.282
  45.000	  30.000	   0.000	 180.000	0.208828	0.000398	 0.191
  40.000	  30.000	   0.000	 180.000	0.188415	0.000385	 0.204
  35.000	  30.000	   0.000	 180.000	0.173903	0.000530	 0.305
  30.000	  30.000	   0.000	 180.000	0.162128	0.000515	 0.318
  25.000	  30.000	   0.000	 180.000	0.155073	0.000353	 0.228
  20.000	  30.000	   0.000	 180.000	0.151028	0.000587	 0.388
  15.000	  30.000	   0.000	 180.000	0.149136	0.000563	 0.378
  12.000	  30.000	   0.000	 180.000	0.149472	0.000603	 0.403
  12.000	 -30.000	   0.000	   0.000	0.141301	0.000353	 0.250
  15.000	 -30.000	   0.000	   0.000	0.140340	0.000317	 0.226
  20.000	 -30.000	   0.000	   0.000	0.135582	0.000255	 0.188
  25.000	 -30.000	   0.000	   0.000	0.132010	0.000212	 0.161
  30.000	 -30.000	   0.000	   0.000	0.129360	0.000375	 0.290
  35.000	 -30.000	   0.000	   0.000	0.125534	0.000264	 0.210
  40.000	 -30.000	   0.000	   0.000	0.121051	0.000357	 0.295
  45.000	 -30.000	   0.000	   0.000	0.113633	0.000409	 0.360
 125.000	  50.000	   0.000	 180.000	0.874841	0.001941	 0.222
 120.000	  50.000	   0.000	 180.000	0.705556	0.002108	 0.299
 115.000	  50.000	   0.000	 180.000	0.570820	0.002466	 0.432
 110.000	  50.000	   0.000	 180.000	0.465151	0.001352	 0.291
 105.000	  50.000	   0.000	 180.000	0.385724	0.001019	 0.264
 100.000	  50.000	   0.000	 180.000	0.336434	0.000965	 0.287
  95.000	  50.000	   0.000	 180.000	0.300223	0.000736	 0.245
  90.000	  50.000	   0.000	 180.000	0.277479	0.000864	 0.311
  85.000	  50.000	   0.000	 180.000	0.225642	0.000573	 0.254
  80.000	  50.000	   0.000	 180.000	0.190757	0.000341	 0.179
  75.000	  50.000	   0.000	 180.000	0.164839	0.000428	 0.259
  70.000	  50.000	   0.000	 180.000	0.148841	0.000357	 0.240
  65.000	  50.000	   0.000	 180.000	0.136645	0.000348	 0.255
  60.000	  50.000	   0.000	 180.000	0.126728	0.000426	 0.336
  55.000	  50.000	   0.000	 180.000	0.116656	0.000368	 0.315
  50.000	  50.000	   0.000	 180.000	0.110505	0.000332	 0.301
  45.000	  50.000	   0.000	 180.000	0.105485	0.000405	 0.384
  40.000	  50.000	   0.000	 180.000	0.102654	0.000275	 0.268
  35.000	  50.000	   0.000	 180.000	0.100406	0.000490	 0.488
  30.000	  50.000	   0.000	 180.000	0.100377	0.000331	 0.330
  25.000	  50.000	   0.000	 180.000	0.100268	0.000435	 0.434
  20.000	  50.000	   0.000	 180.000	0.101254	0.000333	 0.328
  15.000	  50.000	   0.000	 180.000	0.103566	0.000534	 0.516
  12.000	  50.000	   0.000	 180.000	0.105572	0.000411	 0.390
  12.000	 -50.000	   0.000	   0.000	0.111150	0.000315	 0.283
  15.000	 -50.000	   0.000	   0.000	0.109534	0.000336	 0.307
  20.000	 -50.000	   0.000	   0.000	0.105010	0.000290	 0.276
  25.000	 -50.000	   0.000	   0.000	0.098676	0.000386	 0.392
 145.000	  70.000	   0.000	 180.000	5.865651	0.010497	 0.179
 140.000	  70.000	   0.000	 180.000	3.215169	0.011212	 0.349
 135.000	  70.000	   0.000	 180.000	1.809911	0.005372	 0.297
 130.000	  70.000	   0.000	 180.000	1.020971	0.004408	 0.432
 125.000	  70.000	   0.000	 180.000	0.628972	0.002114	 0.336
 120.000	  70.000	   0.000	 180.000	0.408224	0.001905	 0.467
 115.000	  70.000	   0.000	 180.000	0.281835	0.001022	 0.363
 110.000	  70.000	   0.000	 180.000	0.207469	0.000860	 0.415
 105.000	  70.000	   0.000	 180.000	0.157990	0.000526	 0.333
 100.000	  70.000	   0.000	 180.000	0.126034	0.000467	 0.370
  95.000	  70.000	   0.000	 180.000	0.105389	0.000443	 0.420
  90.000	  70.000	   0.000	 180.000	0.089527	0.000334	 0.373
  85.000	  70.000	   0.000	 180.000	0.078172	0.000242	 0.310
  80.000	  70.000	   0.000	 180.000	0.069723	0.000183	 0.262
  75.000	  70.000	   0.000	 180.000	0.063622	0.000216	 0.339
  70.000	  70.000	   0.000	 180.000	0.058618	0.000176	 0.300
  65.000	  70.000	   0.000	 180.000	0.055136	0.000247	 0.448
  60.000	  70.000	   0.000	 180.000	0.052746	0.000155	 0.294
  55.000	  70.000	   0.000	 180.000	0.051450	0.000238	 0.462
  50.000	  70.000	   0.000	 180.000	0.050663	0.000254	 0.502
  45.000	  70.000	   0.000	 180.000	0.050472	0.000182	 0.360
  40.000	  70.000	   0.000	 180.000	0.050929	0.000157	 0.308
  35.000	  70.000	   0.000	 180.000	0.052153	0.000335	 0.643
  30.000	  70.000	   0.000	 180.000	0.053875	0.000190	 0.352
  25.000	  70.000	   0.000	 180.000	0.056963	0.000186	 0.327
  20.000	  70.000	   0.000	 180.000	0.062026	0.000231	 0.372
  15.000	  70.000	   0.000	 180.000	0.069904	0.000272	 0.389
  12.000	  70.000	   0.000	 180.000	0.066019	0.000324	 0.491
  45.000	   0.000	   0.000	   0.000	0.168351	0.000525	 0.312
1.0000	1059.04	8.000	10
-0.003850 +- 0.000074 = dark 1
-0.003837 +- 0.000054 = dark 2
 0.000013 = dark 2 - dark 1
11 = filter number
