Jacob K	Fri Sep 11 17:55:42 2026
LOFT - 12-Cycle Set - Z307 on Al (3x6, small FOV)
 385.65 nanometers
114
  45.000	   0.000	   0.000	   0.000	0.058472	0.006962	11.907
  85.000	  10.000	   0.000	 180.000	0.068343	0.010414	15.237
  80.000	  10.000	   0.000	 180.000	0.063464	0.007173	11.302
  75.000	  10.000	   0.000	 180.000	0.061223	0.005938	 9.698
  70.000	  10.000	   0.000	 180.000	0.060063	0.006311	10.508
  65.000	  10.000	   0.000	 180.000	0.058649	0.005900	10.060
  60.000	  10.000	   0.000	 180.000	0.059354	0.007205	12.139
  55.000	  10.000	   0.000	 180.000	0.057561	0.005707	 9.915
  50.000	  10.000	   0.000	 180.000	0.057405	0.005063	 8.820
  45.000	  10.000	   0.000	 180.000	0.056053	0.000975	 1.739
  40.000	  10.000	   0.000	 180.000	0.060199	0.007086	11.770
  35.000	  10.000	   0.000	 180.000	0.058637	0.000953	 1.625
  30.000	  10.000	   0.000	 180.000	0.059700	0.001007	 1.686
  25.000	  10.000	   0.000	 180.000	0.061432	0.001036	 1.686
  20.000	  10.000	   0.000	 180.000	0.068897	0.009144	13.272
  15.000	  10.000	   0.000	 180.000	0.067151	0.005904	 8.792
  12.000	  10.000	   0.000	 180.000	0.067756	0.005940	 8.767
  12.000	 -10.000	   0.000	   0.000	0.064419	0.005293	 8.216
  15.000	 -10.000	   0.000	   0.000	0.062861	0.005839	 9.289
  20.000	 -10.000	   0.000	   0.000	0.059068	0.001106	 1.873
  25.000	 -10.000	   0.000	   0.000	0.058928	0.004848	 8.227
  30.000	 -10.000	   0.000	   0.000	0.056343	0.000964	 1.710
  35.000	 -10.000	   0.000	   0.000	0.057082	0.004753	 8.327
  40.000	 -10.000	   0.000	   0.000	0.054784	0.000772	 1.408
  45.000	 -10.000	   0.000	   0.000	0.055911	0.004936	 8.828
  50.000	 -10.000	   0.000	   0.000	0.054498	0.000980	 1.798
  55.000	 -10.000	   0.000	   0.000	0.057581	0.006588	11.441
  60.000	 -10.000	   0.000	   0.000	0.056504	0.005615	 9.938
  65.000	 -10.000	   0.000	   0.000	0.056799	0.005157	 9.079
 105.000	  30.000	   0.000	 180.000	0.126690	0.001623	 1.281
 100.000	  30.000	   0.000	 180.000	0.080963	0.010879	13.437
  95.000	  30.000	   0.000	 180.000	0.070131	0.000934	 1.332
  90.000	  30.000	   0.000	 180.000	0.064580	0.000980	 1.517
  85.000	  30.000	   0.000	 180.000	0.060645	0.001068	 1.760
  80.000	  30.000	   0.000	 180.000	0.058241	0.000967	 1.661
  75.000	  30.000	   0.000	 180.000	0.057840	0.005795	10.019
  70.000	  30.000	   0.000	 180.000	0.054912	0.000986	 1.795
  65.000	  30.000	   0.000	 180.000	0.054255	0.001017	 1.875
  60.000	  30.000	   0.000	 180.000	0.055565	0.005185	 9.331
  55.000	  30.000	   0.000	 180.000	0.055824	0.006260	11.214
  50.000	  30.000	   0.000	 180.000	0.055430	0.006198	11.183
  45.000	  30.000	   0.000	 180.000	0.052730	0.004425	 8.392
  40.000	  30.000	   0.000	 180.000	0.050533	0.000987	 1.953
  35.000	  30.000	   0.000	 180.000	0.052380	0.005484	10.470
  30.000	  30.000	   0.000	 180.000	0.051493	0.004224	 8.204
  25.000	  30.000	   0.000	 180.000	0.051950	0.003878	 7.466
  20.000	  30.000	   0.000	 180.000	0.053272	0.003983	 7.477
  15.000	  30.000	   0.000	 180.000	0.055814	0.005040	 9.029
  12.000	  30.000	   0.000	 180.000	0.057202	0.004560	 7.972
  12.000	 -30.000	   0.000	   0.000	0.060684	0.006825	11.246
  15.000	 -30.000	   0.000	   0.000	0.055747	0.001001	 1.796
  20.000	 -30.000	   0.000	   0.000	0.055614	0.004165	 7.489
  25.000	 -30.000	   0.000	   0.000	0.053370	0.001303	 2.441
  30.000	 -30.000	   0.000	   0.000	0.052362	0.001082	 2.066
  35.000	 -30.000	   0.000	   0.000	0.051842	0.001131	 2.181
  40.000	 -30.000	   0.000	   0.000	0.051130	0.001033	 2.021
  45.000	 -30.000	   0.000	   0.000	0.049999	0.000843	 1.686
 125.000	  50.000	   0.000	 180.000	0.267266	0.001480	 0.554
 120.000	  50.000	   0.000	 180.000	0.202336	0.001725	 0.853
 115.000	  50.000	   0.000	 180.000	0.158311	0.001771	 1.119
 110.000	  50.000	   0.000	 180.000	0.126801	0.001579	 1.245
 105.000	  50.000	   0.000	 180.000	0.074696	0.000875	 1.172
 100.000	  50.000	   0.000	 180.000	0.068351	0.008130	11.894
  95.000	  50.000	   0.000	 180.000	0.062586	0.008275	13.222
  90.000	  50.000	   0.000	 180.000	0.057616	0.006937	12.040
  85.000	  50.000	   0.000	 180.000	0.051220	0.004901	 9.569
  80.000	  50.000	   0.000	 180.000	0.045516	0.002304	 5.062
  75.000	  50.000	   0.000	 180.000	0.042928	0.002803	 6.531
  70.000	  50.000	   0.000	 180.000	0.040259	0.001482	 3.680
  65.000	  50.000	   0.000	 180.000	0.038919	0.001676	 4.306
  60.000	  50.000	   0.000	 180.000	0.039263	0.004532	11.543
  55.000	  50.000	   0.000	 180.000	0.037471	0.001365	 3.644
  50.000	  50.000	   0.000	 180.000	0.036670	0.001118	 3.049
  45.000	  50.000	   0.000	 180.000	0.036542	0.000865	 2.368
  40.000	  50.000	   0.000	 180.000	0.037130	0.001509	 4.063
  35.000	  50.000	   0.000	 180.000	0.037176	0.001516	 4.078
  30.000	  50.000	   0.000	 180.000	0.038009	0.001412	 3.716
  25.000	  50.000	   0.000	 180.000	0.039305	0.001899	 4.831
  20.000	  50.000	   0.000	 180.000	0.040638	0.000764	 1.880
  15.000	  50.000	   0.000	 180.000	0.043862	0.002789	 6.359
  12.000	  50.000	   0.000	 180.000	0.045014	0.002477	 5.504
  12.000	 -50.000	   0.000	   0.000	0.050946	0.003285	 6.448
  15.000	 -50.000	   0.000	   0.000	0.049380	0.000785	 1.590
  20.000	 -50.000	   0.000	   0.000	0.049079	0.003176	 6.471
  25.000	 -50.000	   0.000	   0.000	0.046587	0.000787	 1.690
 145.000	  70.000	   0.000	 180.000	0.958448	0.004021	 0.420
 140.000	  70.000	   0.000	 180.000	0.554806	0.002536	 0.457
 135.000	  70.000	   0.000	 180.000	0.359176	0.001634	 0.455
 130.000	  70.000	   0.000	 180.000	0.225748	0.001537	 0.681
 125.000	  70.000	   0.000	 180.000	0.150852	0.002146	 1.423
 120.000	  70.000	   0.000	 180.000	0.076975	0.010563	13.722
 115.000	  70.000	   0.000	 180.000	0.056944	0.000914	 1.606
 110.000	  70.000	   0.000	 180.000	0.045690	0.001152	 2.521
 105.000	  70.000	   0.000	 180.000	0.038476	0.001373	 3.568
 100.000	  70.000	   0.000	 180.000	0.033082	0.000794	 2.400
  95.000	  70.000	   0.000	 180.000	0.028665	0.002027	 7.070
  90.000	  70.000	   0.000	 180.000	0.024972	0.003318	13.286
  85.000	  70.000	   0.000	 180.000	0.022498	0.003712	16.498
  80.000	  70.000	   0.000	 180.000	0.022074	0.002971	13.461
  75.000	  70.000	   0.000	 180.000	0.021576	0.001065	 4.937
  70.000	  70.000	   0.000	 180.000	0.020959	0.001126	 5.374
  65.000	  70.000	   0.000	 180.000	0.019651	0.003002	15.278
  60.000	  70.000	   0.000	 180.000	0.020013	0.000837	 4.181
  55.000	  70.000	   0.000	 180.000	0.019003	0.003514	18.491
  50.000	  70.000	   0.000	 180.000	0.018405	0.004539	24.660
  45.000	  70.000	   0.000	 180.000	0.020655	0.000964	 4.669
  40.000	  70.000	   0.000	 180.000	0.018321	0.004890	26.692
  35.000	  70.000	   0.000	 180.000	0.021514	0.001093	 5.082
  30.000	  70.000	   0.000	 180.000	0.022406	0.000986	 4.403
  25.000	  70.000	   0.000	 180.000	0.023063	0.003103	13.456
  20.000	  70.000	   0.000	 180.000	0.024258	0.003130	12.903
  15.000	  70.000	   0.000	 180.000	0.027825	0.001823	 6.551
  12.000	  70.000	   0.000	 180.000	0.029829	0.001528	 5.121
  45.000	   0.000	   0.000	   0.000	0.057409	0.005632	 9.811
1.0000	 385.65	8.000	11
-0.018221 +- 0.000498 = dark 1
-0.017634 +- 0.000539 = dark 2
 0.000586 = dark 2 - dark 1
7 = filter number
