Jacob K	Fri Sep 11 17:31:12 2026
LOFT - 12-Cycle Set - Z307 on Al (3x6, small FOV)
 630.79 nanometers
114
  45.000	   0.000	   0.000	   0.000	0.126348	0.000461	 0.365
  85.000	  10.000	   0.000	 180.000	0.148319	0.000512	 0.345
  80.000	  10.000	   0.000	 180.000	0.141636	0.000675	 0.476
  75.000	  10.000	   0.000	 180.000	0.135992	0.000519	 0.382
  70.000	  10.000	   0.000	 180.000	0.131131	0.000296	 0.226
  65.000	  10.000	   0.000	 180.000	0.127462	0.000326	 0.256
  60.000	  10.000	   0.000	 180.000	0.124288	0.000519	 0.418
  55.000	  10.000	   0.000	 180.000	0.122689	0.000351	 0.286
  50.000	  10.000	   0.000	 180.000	0.121938	0.000380	 0.312
  45.000	  10.000	   0.000	 180.000	0.122277	0.000284	 0.232
  40.000	  10.000	   0.000	 180.000	0.123106	0.000373	 0.303
  35.000	  10.000	   0.000	 180.000	0.125163	0.000520	 0.415
  30.000	  10.000	   0.000	 180.000	0.126407	0.000593	 0.469
  25.000	  10.000	   0.000	 180.000	0.129490	0.000513	 0.396
  20.000	  10.000	   0.000	 180.000	0.132710	0.000632	 0.476
  15.000	  10.000	   0.000	 180.000	0.134310	0.000441	 0.328
  12.000	  10.000	   0.000	 180.000	0.135427	0.000581	 0.429
  12.000	 -10.000	   0.000	   0.000	0.131276	0.000742	 0.565
  15.000	 -10.000	   0.000	   0.000	0.129972	0.000775	 0.596
  20.000	 -10.000	   0.000	   0.000	0.127433	0.000699	 0.549
  25.000	 -10.000	   0.000	   0.000	0.125942	0.000456	 0.362
  30.000	 -10.000	   0.000	   0.000	0.125002	0.000662	 0.530
  35.000	 -10.000	   0.000	   0.000	0.124084	0.000424	 0.342
  40.000	 -10.000	   0.000	   0.000	0.123627	0.000385	 0.311
  45.000	 -10.000	   0.000	   0.000	0.123910	0.000692	 0.559
  50.000	 -10.000	   0.000	   0.000	0.123919	0.000439	 0.354
  55.000	 -10.000	   0.000	   0.000	0.124599	0.000548	 0.440
  60.000	 -10.000	   0.000	   0.000	0.125262	0.000261	 0.208
  65.000	 -10.000	   0.000	   0.000	0.125411	0.000408	 0.325
 105.000	  30.000	   0.000	 180.000	0.230098	0.000896	 0.390
 100.000	  30.000	   0.000	 180.000	0.203637	0.000884	 0.434
  95.000	  30.000	   0.000	 180.000	0.181161	0.000720	 0.398
  90.000	  30.000	   0.000	 180.000	0.162324	0.000622	 0.383
  85.000	  30.000	   0.000	 180.000	0.149047	0.000453	 0.304
  80.000	  30.000	   0.000	 180.000	0.139845	0.000466	 0.334
  75.000	  30.000	   0.000	 180.000	0.132632	0.000506	 0.381
  70.000	  30.000	   0.000	 180.000	0.127707	0.000540	 0.422
  65.000	  30.000	   0.000	 180.000	0.124579	0.000497	 0.399
  60.000	  30.000	   0.000	 180.000	0.122495	0.000368	 0.300
  55.000	  30.000	   0.000	 180.000	0.119409	0.000507	 0.425
  50.000	  30.000	   0.000	 180.000	0.116653	0.000338	 0.290
  45.000	  30.000	   0.000	 180.000	0.114180	0.000333	 0.292
  40.000	  30.000	   0.000	 180.000	0.111663	0.000497	 0.445
  35.000	  30.000	   0.000	 180.000	0.110073	0.000440	 0.400
  30.000	  30.000	   0.000	 180.000	0.110574	0.000611	 0.552
  25.000	  30.000	   0.000	 180.000	0.111386	0.000408	 0.366
  20.000	  30.000	   0.000	 180.000	0.112510	0.000407	 0.362
  15.000	  30.000	   0.000	 180.000	0.114365	0.000436	 0.381
  12.000	  30.000	   0.000	 180.000	0.116619	0.000428	 0.367
  12.000	 -30.000	   0.000	   0.000	0.120154	0.000477	 0.397
  15.000	 -30.000	   0.000	   0.000	0.118793	0.000394	 0.331
  20.000	 -30.000	   0.000	   0.000	0.116723	0.000520	 0.445
  25.000	 -30.000	   0.000	   0.000	0.115133	0.000344	 0.298
  30.000	 -30.000	   0.000	   0.000	0.114016	0.000470	 0.412
  35.000	 -30.000	   0.000	   0.000	0.112786	0.000302	 0.267
  40.000	 -30.000	   0.000	   0.000	0.111602	0.000211	 0.189
  45.000	 -30.000	   0.000	   0.000	0.109505	0.000375	 0.342
 125.000	  50.000	   0.000	 180.000	0.537090	0.001412	 0.263
 120.000	  50.000	   0.000	 180.000	0.410546	0.001195	 0.291
 115.000	  50.000	   0.000	 180.000	0.318176	0.000624	 0.196
 110.000	  50.000	   0.000	 180.000	0.255382	0.000687	 0.269
 105.000	  50.000	   0.000	 180.000	0.207939	0.000717	 0.345
 100.000	  50.000	   0.000	 180.000	0.179177	0.000476	 0.265
  95.000	  50.000	   0.000	 180.000	0.154263	0.000385	 0.249
  90.000	  50.000	   0.000	 180.000	0.137456	0.000304	 0.221
  85.000	  50.000	   0.000	 180.000	0.119939	0.000262	 0.218
  80.000	  50.000	   0.000	 180.000	0.107725	0.000387	 0.360
  75.000	  50.000	   0.000	 180.000	0.099370	0.000406	 0.409
  70.000	  50.000	   0.000	 180.000	0.093111	0.000278	 0.298
  65.000	  50.000	   0.000	 180.000	0.088944	0.000406	 0.457
  60.000	  50.000	   0.000	 180.000	0.085401	0.000331	 0.388
  55.000	  50.000	   0.000	 180.000	0.083041	0.000231	 0.278
  50.000	  50.000	   0.000	 180.000	0.082222	0.000353	 0.430
  45.000	  50.000	   0.000	 180.000	0.081454	0.000376	 0.461
  40.000	  50.000	   0.000	 180.000	0.081206	0.000462	 0.569
  35.000	  50.000	   0.000	 180.000	0.081377	0.000238	 0.293
  30.000	  50.000	   0.000	 180.000	0.082915	0.000304	 0.367
  25.000	  50.000	   0.000	 180.000	0.084683	0.000749	 0.885
  20.000	  50.000	   0.000	 180.000	0.086981	0.000332	 0.382
  15.000	  50.000	   0.000	 180.000	0.090520	0.000367	 0.405
  12.000	  50.000	   0.000	 180.000	0.093218	0.000431	 0.462
  12.000	 -50.000	   0.000	   0.000	0.103363	0.000253	 0.244
  15.000	 -50.000	   0.000	   0.000	0.101927	0.000511	 0.501
  20.000	 -50.000	   0.000	   0.000	0.099518	0.000388	 0.390
  25.000	 -50.000	   0.000	   0.000	0.096755	0.000393	 0.406
 145.000	  70.000	   0.000	 180.000	2.261212	0.004873	 0.215
 140.000	  70.000	   0.000	 180.000	1.286574	0.004410	 0.343
 135.000	  70.000	   0.000	 180.000	0.794198	0.003018	 0.380
 130.000	  70.000	   0.000	 180.000	0.491068	0.001403	 0.286
 125.000	  70.000	   0.000	 180.000	0.328061	0.000802	 0.244
 120.000	  70.000	   0.000	 180.000	0.226744	0.000932	 0.411
 115.000	  70.000	   0.000	 180.000	0.167015	0.000563	 0.337
 110.000	  70.000	   0.000	 180.000	0.127771	0.000769	 0.602
 105.000	  70.000	   0.000	 180.000	0.101892	0.000559	 0.548
 100.000	  70.000	   0.000	 180.000	0.084545	0.000317	 0.375
  95.000	  70.000	   0.000	 180.000	0.072438	0.000359	 0.496
  90.000	  70.000	   0.000	 180.000	0.063581	0.000373	 0.587
  85.000	  70.000	   0.000	 180.000	0.057434	0.000293	 0.510
  80.000	  70.000	   0.000	 180.000	0.052615	0.000192	 0.365
  75.000	  70.000	   0.000	 180.000	0.049259	0.000245	 0.497
  70.000	  70.000	   0.000	 180.000	0.046842	0.000287	 0.613
  65.000	  70.000	   0.000	 180.000	0.045256	0.000241	 0.534
  60.000	  70.000	   0.000	 180.000	0.044521	0.000225	 0.506
  55.000	  70.000	   0.000	 180.000	0.043512	0.000174	 0.401
  50.000	  70.000	   0.000	 180.000	0.043644	0.000255	 0.584
  45.000	  70.000	   0.000	 180.000	0.044107	0.000289	 0.655
  40.000	  70.000	   0.000	 180.000	0.044786	0.000197	 0.441
  35.000	  70.000	   0.000	 180.000	0.046164	0.000224	 0.484
  30.000	  70.000	   0.000	 180.000	0.048025	0.000290	 0.603
  25.000	  70.000	   0.000	 180.000	0.050607	0.000254	 0.501
  20.000	  70.000	   0.000	 180.000	0.054334	0.000275	 0.507
  15.000	  70.000	   0.000	 180.000	0.059415	0.000248	 0.417
  12.000	  70.000	   0.000	 180.000	0.062212	0.000315	 0.507
  45.000	   0.000	   0.000	   0.000	0.126467	0.000416	 0.329
1.0000	 630.79	8.000	10
-0.004644 +- 0.000101 = dark 1
-0.004052 +- 0.000068 = dark 2
 0.000592 = dark 2 - dark 1
4 = filter number
