Jacob K	Fri Sep 11 18:20:53 2026
LOFT - 12-Cycle Set - Z307 on Al (3x6, small FOV)
 852.23 nanometers
114
  45.000	   0.000	   0.000	   0.000	0.028561	0.000064	 0.222
  85.000	  10.000	   0.000	 180.000	0.033151	0.000125	 0.377
  80.000	  10.000	   0.000	 180.000	0.032377	0.000088	 0.272
  75.000	  10.000	   0.000	 180.000	0.031418	0.000183	 0.583
  70.000	  10.000	   0.000	 180.000	0.030428	0.000131	 0.432
  65.000	  10.000	   0.000	 180.000	0.029798	0.000149	 0.500
  60.000	  10.000	   0.000	 180.000	0.029106	0.000078	 0.267
  55.000	  10.000	   0.000	 180.000	0.028947	0.000072	 0.247
  50.000	  10.000	   0.000	 180.000	0.028928	0.000114	 0.394
  45.000	  10.000	   0.000	 180.000	0.029277	0.000079	 0.270
  40.000	  10.000	   0.000	 180.000	0.029616	0.000082	 0.275
  35.000	  10.000	   0.000	 180.000	0.030370	0.000122	 0.401
  30.000	  10.000	   0.000	 180.000	0.030942	0.000083	 0.269
  25.000	  10.000	   0.000	 180.000	0.032037	0.000073	 0.227
  20.000	  10.000	   0.000	 180.000	0.033460	0.000084	 0.252
  15.000	  10.000	   0.000	 180.000	0.033453	0.000106	 0.318
  12.000	  10.000	   0.000	 180.000	0.033392	0.000098	 0.295
  12.000	 -10.000	   0.000	   0.000	0.029787	0.000132	 0.444
  15.000	 -10.000	   0.000	   0.000	0.029384	0.000134	 0.455
  20.000	 -10.000	   0.000	   0.000	0.028777	0.000095	 0.329
  25.000	 -10.000	   0.000	   0.000	0.028263	0.000085	 0.301
  30.000	 -10.000	   0.000	   0.000	0.027950	0.000103	 0.367
  35.000	 -10.000	   0.000	   0.000	0.027531	0.000129	 0.469
  40.000	 -10.000	   0.000	   0.000	0.027335	0.000091	 0.333
  45.000	 -10.000	   0.000	   0.000	0.027195	0.000125	 0.458
  50.000	 -10.000	   0.000	   0.000	0.027005	0.000108	 0.400
  55.000	 -10.000	   0.000	   0.000	0.027071	0.000095	 0.352
  60.000	 -10.000	   0.000	   0.000	0.026863	0.000081	 0.300
  65.000	 -10.000	   0.000	   0.000	0.026514	0.000085	 0.320
 105.000	  30.000	   0.000	 180.000	0.055269	0.000202	 0.365
 100.000	  30.000	   0.000	 180.000	0.049259	0.000170	 0.345
  95.000	  30.000	   0.000	 180.000	0.044532	0.000151	 0.340
  90.000	  30.000	   0.000	 180.000	0.040270	0.000100	 0.249
  85.000	  30.000	   0.000	 180.000	0.037134	0.000124	 0.335
  80.000	  30.000	   0.000	 180.000	0.035088	0.000160	 0.457
  75.000	  30.000	   0.000	 180.000	0.033470	0.000113	 0.337
  70.000	  30.000	   0.000	 180.000	0.031801	0.000092	 0.289
  65.000	  30.000	   0.000	 180.000	0.031173	0.000110	 0.354
  60.000	  30.000	   0.000	 180.000	0.030896	0.000130	 0.422
  55.000	  30.000	   0.000	 180.000	0.030089	0.000072	 0.240
  50.000	  30.000	   0.000	 180.000	0.029320	0.000127	 0.434
  45.000	  30.000	   0.000	 180.000	0.028188	0.000068	 0.241
  40.000	  30.000	   0.000	 180.000	0.027043	0.000093	 0.345
  35.000	  30.000	   0.000	 180.000	0.026322	0.000098	 0.372
  30.000	  30.000	   0.000	 180.000	0.025605	0.000095	 0.369
  25.000	  30.000	   0.000	 180.000	0.025357	0.000095	 0.375
  20.000	  30.000	   0.000	 180.000	0.025297	0.000105	 0.415
  15.000	  30.000	   0.000	 180.000	0.025516	0.000111	 0.437
  12.000	  30.000	   0.000	 180.000	0.025763	0.000075	 0.291
  12.000	 -30.000	   0.000	   0.000	0.025757	0.000109	 0.422
  15.000	 -30.000	   0.000	   0.000	0.025406	0.000098	 0.387
  20.000	 -30.000	   0.000	   0.000	0.024967	0.000072	 0.288
  25.000	 -30.000	   0.000	   0.000	0.024437	0.000083	 0.338
  30.000	 -30.000	   0.000	   0.000	0.024106	0.000080	 0.334
  35.000	 -30.000	   0.000	   0.000	0.023632	0.000096	 0.408
  40.000	 -30.000	   0.000	   0.000	0.023198	0.000066	 0.285
  45.000	 -30.000	   0.000	   0.000	0.022427	0.000077	 0.342
 125.000	  50.000	   0.000	 180.000	0.145133	0.000392	 0.270
 120.000	  50.000	   0.000	 180.000	0.111507	0.000427	 0.383
 115.000	  50.000	   0.000	 180.000	0.087188	0.000287	 0.329
 110.000	  50.000	   0.000	 180.000	0.068824	0.000255	 0.370
 105.000	  50.000	   0.000	 180.000	0.055690	0.000270	 0.484
 100.000	  50.000	   0.000	 180.000	0.047254	0.000145	 0.308
  95.000	  50.000	   0.000	 180.000	0.040582	0.000149	 0.368
  90.000	  50.000	   0.000	 180.000	0.035865	0.000108	 0.300
  85.000	  50.000	   0.000	 180.000	0.030770	0.000120	 0.392
  80.000	  50.000	   0.000	 180.000	0.026936	0.000148	 0.548
  75.000	  50.000	   0.000	 180.000	0.024497	0.000066	 0.271
  70.000	  50.000	   0.000	 180.000	0.022698	0.000081	 0.357
  65.000	  50.000	   0.000	 180.000	0.021350	0.000076	 0.354
  60.000	  50.000	   0.000	 180.000	0.020198	0.000080	 0.394
  55.000	  50.000	   0.000	 180.000	0.019291	0.000098	 0.510
  50.000	  50.000	   0.000	 180.000	0.018750	0.000076	 0.407
  45.000	  50.000	   0.000	 180.000	0.018319	0.000098	 0.533
  40.000	  50.000	   0.000	 180.000	0.018030	0.000070	 0.389
  35.000	  50.000	   0.000	 180.000	0.017920	0.000090	 0.504
  30.000	  50.000	   0.000	 180.000	0.017893	0.000090	 0.503
  25.000	  50.000	   0.000	 180.000	0.018223	0.000062	 0.339
  20.000	  50.000	   0.000	 180.000	0.018499	0.000083	 0.448
  15.000	  50.000	   0.000	 180.000	0.019152	0.000099	 0.515
  12.000	  50.000	   0.000	 180.000	0.019531	0.000099	 0.505
  12.000	 -50.000	   0.000	   0.000	0.021064	0.000067	 0.320
  15.000	 -50.000	   0.000	   0.000	0.020793	0.000081	 0.390
  20.000	 -50.000	   0.000	   0.000	0.020274	0.000063	 0.311
  25.000	 -50.000	   0.000	   0.000	0.019411	0.000074	 0.383
 145.000	  70.000	   0.000	 180.000	0.789942	0.001314	 0.166
 140.000	  70.000	   0.000	 180.000	0.428516	0.001434	 0.335
 135.000	  70.000	   0.000	 180.000	0.243680	0.000923	 0.379
 130.000	  70.000	   0.000	 180.000	0.146453	0.000193	 0.132
 125.000	  70.000	   0.000	 180.000	0.093693	0.000332	 0.355
 120.000	  70.000	   0.000	 180.000	0.062295	0.000136	 0.219
 115.000	  70.000	   0.000	 180.000	0.044351	0.000206	 0.464
 110.000	  70.000	   0.000	 180.000	0.032815	0.000112	 0.342
 105.000	  70.000	   0.000	 180.000	0.025559	0.000074	 0.289
 100.000	  70.000	   0.000	 180.000	0.020898	0.000062	 0.295
  95.000	  70.000	   0.000	 180.000	0.017289	0.000074	 0.427
  90.000	  70.000	   0.000	 180.000	0.014901	0.000086	 0.579
  85.000	  70.000	   0.000	 180.000	0.013379	0.000075	 0.562
  80.000	  70.000	   0.000	 180.000	0.011967	0.000055	 0.459
  75.000	  70.000	   0.000	 180.000	0.011171	0.000081	 0.724
  70.000	  70.000	   0.000	 180.000	0.010425	0.000064	 0.610
  65.000	  70.000	   0.000	 180.000	0.009954	0.000064	 0.644
  60.000	  70.000	   0.000	 180.000	0.009600	0.000066	 0.685
  55.000	  70.000	   0.000	 180.000	0.009440	0.000054	 0.575
  50.000	  70.000	   0.000	 180.000	0.009371	0.000071	 0.754
  45.000	  70.000	   0.000	 180.000	0.009329	0.000079	 0.851
  40.000	  70.000	   0.000	 180.000	0.009456	0.000061	 0.645
  35.000	  70.000	   0.000	 180.000	0.009699	0.000055	 0.566
  30.000	  70.000	   0.000	 180.000	0.010110	0.000084	 0.828
  25.000	  70.000	   0.000	 180.000	0.010644	0.000083	 0.784
  20.000	  70.000	   0.000	 180.000	0.011471	0.000068	 0.593
  15.000	  70.000	   0.000	 180.000	0.012632	0.000059	 0.466
  12.000	  70.000	   0.000	 180.000	0.012599	0.000079	 0.625
  45.000	   0.000	   0.000	   0.000	0.028596	0.000107	 0.374
1.0000	 852.23	8.000	9
-0.000466 +- 0.000018 = dark 1
-0.000549 +- 0.000023 = dark 2
-0.000083 = dark 2 - dark 1
9 = filter number
