BRF Values
LOFT 3x6 sample Anoblack NITE (On Invar I believe)
Measurements taken on Jacob) Wed 09 by nik
BRF values calculated with F:\data\sorted\data_processing_programs\blacklab_rf_calculator_MATLAB\Black_Lab_BRF_v6.m using 0/45 configuration
NIST BRF values linearly interpolated from F:\data\sorted\data_processing_programs\blacklab_rf_calculator_MATLAB\NIST RF files\RSG_working_NIST_standard\NIST_291181-Revised_24477-1-1_0-45_Extended.txt
src_z	src_a	view_z	view_a	385.65nm	630.79nm	852.23nm	1059.04nm
  0.000	  0.000	 45.000	  0.000	0.028175	0.042834	0.045089	0.058819
 10.000	  0.000	 75.000	180.000	0.043243	0.049090	0.055192	0.057778
 10.000	  0.000	 70.000	180.000	0.042926	0.050111	0.056005	0.060523
 10.000	  0.000	 65.000	180.000	0.044421	0.051471	0.057150	0.063493
 10.000	  0.000	 60.000	180.000	0.046409	0.054796	0.059747	0.067529
 10.000	  0.000	 55.000	180.000	0.048919	0.057440	0.062566	0.072762
 10.000	  0.000	 50.000	180.000	0.052308	0.061657	0.065962	0.079485
 10.000	  0.000	 45.000	180.000	0.058672	0.067729	0.071896	0.089128
 10.000	  0.000	 40.000	180.000	0.067257	0.076809	0.080750	0.101546
 10.000	  0.000	 35.000	180.000	0.081059	0.090604	0.094071	0.120177
 10.000	  0.000	 30.000	180.000	0.100683	0.111671	0.114121	0.148572
 10.000	  0.000	 25.000	180.000	0.134374	0.145408	0.147662	0.197306
 10.000	  0.000	 20.000	180.000	0.199019	0.216067	0.222840	0.307478
 10.000	  0.000	 15.000	180.000	0.313457	0.345439	0.356407	0.504161
 10.000	  0.000	 10.000	180.000	0.399091	0.447908	0.475052	0.673499
 10.000	  0.000	  5.000	180.000	0.291956	0.320971	0.325159	0.456523
 10.000	  0.000	  2.000	180.000	0.208528	0.226993	0.227227	0.316575
 10.000	  0.000	 22.000	  0.000	0.047752	0.054895	0.056751	0.079271
 10.000	  0.000	 25.000	  0.000	0.042636	0.050046	0.051285	0.071648
 10.000	  0.000	 30.000	  0.000	0.028637	0.043173	0.044753	0.061008
 10.000	  0.000	 35.000	  0.000	0.024420	0.037078	0.038541	0.052100
 10.000	  0.000	 40.000	  0.000	0.021695	0.032895	0.034500	0.046212
 10.000	  0.000	 45.000	  0.000	0.019107	0.029145	0.031060	0.040850
 10.000	  0.000	 50.000	  0.000	0.017470	0.026180	0.027514	0.035747
 10.000	  0.000	 55.000	  0.000	0.016063	0.024180	0.025708	0.032595
 10.000	  0.000	 60.000	  0.000	0.014703	0.021891	0.023644	0.030063
 10.000	  0.000	 65.000	  0.000	0.013767	0.020767	0.021985	0.027546
 10.000	  0.000	 70.000	  0.000	0.012997	0.018824	0.020310	0.024715
 10.000	  0.000	 75.000	  0.000	0.011742	0.017209	0.018304	0.021903
 30.000	  0.000	 75.000	180.000	0.159781	0.166578	0.187307	0.185420
 30.000	  0.000	 70.000	180.000	0.147441	0.154843	0.176522	0.176590
 30.000	  0.000	 65.000	180.000	0.142705	0.150898	0.170479	0.175037
 30.000	  0.000	 60.000	180.000	0.144280	0.152474	0.171930	0.178846
 30.000	  0.000	 55.000	180.000	0.153938	0.163725	0.182518	0.196490
 30.000	  0.000	 50.000	180.000	0.173522	0.185624	0.201870	0.224337
 30.000	  0.000	 45.000	180.000	0.213157	0.227180	0.246163	0.273788
 30.000	  0.000	 40.000	180.000	0.296517	0.323921	0.352627	0.408186
 30.000	  0.000	 35.000	180.000	0.438349	0.489648	0.544298	0.650119
 30.000	  0.000	 30.000	180.000	0.537592	0.619562	0.683438	0.843287
 30.000	  0.000	 25.000	180.000	0.375949	0.422338	0.446592	0.554097
 30.000	  0.000	 20.000	180.000	0.208636	0.225312	0.233810	0.296370
 30.000	  0.000	 15.000	180.000	0.128308	0.140338	0.144974	0.191283
 30.000	  0.000	 10.000	180.000	0.091639	0.102082	0.103443	0.139050
 30.000	  0.000	  5.000	180.000	0.070193	0.079412	0.080899	0.110214
 30.000	  0.000	  0.000	  0.000	0.055317	0.064175	0.066333	0.089046
 30.000	  0.000	  5.000	  0.000	0.044470	0.053288	0.054855	0.073835
 30.000	  0.000	 10.000	  0.000	0.029119	0.044048	0.045626	0.061528
 30.000	  0.000	 15.000	  0.000	0.025967	0.036512	0.037740	0.051068
 30.000	  0.000	 18.000	  0.000	0.022409	0.033046	0.034915	0.046474
 30.000	  0.000	 42.000	  0.000	0.010490	0.015678	0.017203	0.023444
 30.000	  0.000	 45.000	  0.000	0.009867	0.014815	0.016292	0.022052
 30.000	  0.000	 50.000	  0.000	0.009072	0.013268	0.014868	0.019696
 30.000	  0.000	 55.000	  0.000	0.008411	0.011928	0.013366	0.017889
 30.000	  0.000	 60.000	  0.000	0.007866	0.011016	0.012261	0.016199
 30.000	  0.000	 65.000	  0.000	0.007245	0.009985	0.011066	0.014671
 30.000	  0.000	 70.000	  0.000	0.006551	0.008835	0.009730	0.012802
 30.000	  0.000	 75.000	  0.000	0.005740	0.007471	0.007976	0.009936
 50.000	  0.000	 75.000	180.000	0.833891	0.834884	0.919035	0.900442
 50.000	  0.000	 70.000	180.000	0.753989	0.757597	0.850922	0.812587
 50.000	  0.000	 65.000	180.000	0.775150	0.766059	0.875240	0.848098
 50.000	  0.000	 60.000	180.000	0.913464	0.937572	1.064353	1.038499
 50.000	  0.000	 55.000	180.000	1.188055	1.269583	1.483972	1.484800
 50.000	  0.000	 50.000	180.000	1.318120	1.453324	1.770216	1.828789
 50.000	  0.000	 45.000	180.000	0.815856	0.857103	1.025241	1.049307
 50.000	  0.000	 40.000	180.000	0.411281	0.436305	0.481742	0.505578
 50.000	  0.000	 35.000	180.000	0.235552	0.250436	0.279601	0.305603
 50.000	  0.000	 30.000	180.000	0.157192	0.170059	0.184956	0.211070
 50.000	  0.000	 25.000	180.000	0.114366	0.127439	0.136529	0.159704
 50.000	  0.000	 20.000	180.000	0.085679	0.099283	0.105788	0.125689
 50.000	  0.000	 15.000	180.000	0.065630	0.078415	0.083113	0.100992
 50.000	  0.000	 10.000	180.000	0.039169	0.062629	0.065536	0.081097
 50.000	  0.000	  5.000	180.000	0.031372	0.049459	0.052376	0.066256
 50.000	  0.000	  0.000	  0.000	0.025656	0.039695	0.042331	0.053747
 50.000	  0.000	  5.000	  0.000	0.021361	0.032479	0.034653	0.043972
 50.000	  0.000	 10.000	  0.000	0.017954	0.027422	0.028373	0.037407
 50.000	  0.000	 15.000	  0.000	0.015204	0.022851	0.024185	0.031179
 50.000	  0.000	 20.000	  0.000	0.013076	0.018697	0.020321	0.026564
 50.000	  0.000	 25.000	  0.000	0.010833	0.015805	0.017481	0.023273
 50.000	  0.000	 30.000	  0.000	0.009104	0.013839	0.015346	0.020326
 50.000	  0.000	 35.000	  0.000	0.007363	0.011915	0.013641	0.018324
 50.000	  0.000	 38.000	  0.000	0.006416	0.011449	0.012595	0.017303
 50.000	  0.000	 62.000	  0.000	0.003193	0.006500	0.007628	0.010467
 50.000	  0.000	 65.000	  0.000	0.002994	0.006107	0.007018	0.010254
 50.000	  0.000	 70.000	  0.000	0.002775	0.005138	0.006132	0.008616
 50.000	  0.000	 75.000	  0.000	0.002407	0.004066	0.004638	0.006507
 70.000	  0.000	 75.000	180.000	9.640660	6.748093	15.426636	6.068421
 70.000	  0.000	 70.000	180.000	9.638233	6.746094	16.216130	6.066956
 70.000	  0.000	 65.000	180.000	6.035779	6.249894	6.784513	6.065523
 70.000	  0.000	 60.000	180.000	2.485783	2.469982	2.682759	2.601111
 70.000	  0.000	 55.000	180.000	1.222986	1.224217	1.349251	1.316152
 70.000	  0.000	 50.000	180.000	0.706700	0.710862	0.795038	0.778134
 70.000	  0.000	 45.000	180.000	0.448300	0.458667	0.514524	0.511799
 70.000	  0.000	 40.000	180.000	0.297788	0.312405	0.349222	0.348553
 70.000	  0.000	 35.000	180.000	0.203808	0.219493	0.249493	0.252236
 70.000	  0.000	 30.000	180.000	0.141284	0.157107	0.177783	0.187075
 70.000	  0.000	 25.000	180.000	0.074458	0.115878	0.129696	0.137305
 70.000	  0.000	 20.000	180.000	0.056913	0.087075	0.095704	0.105679
 70.000	  0.000	 15.000	180.000	0.043313	0.065834	0.071488	0.081264
 70.000	  0.000	 10.000	180.000	0.033956	0.050685	0.055426	0.064335
 70.000	  0.000	  5.000	180.000	0.027267	0.039412	0.042255	0.050725
 70.000	  0.000	  0.000	  0.000	0.022126	0.030789	0.033200	0.040042
 70.000	  0.000	  5.000	  0.000	0.018219	0.024616	0.026486	0.032273
 70.000	  0.000	 10.000	  0.000	0.015414	0.020107	0.021650	0.026424
 70.000	  0.000	 15.000	  0.000	0.012825	0.015891	0.017814	0.022225
 70.000	  0.000	 20.000	  0.000	0.010430	0.013401	0.014862	0.019370
 70.000	  0.000	 25.000	  0.000	0.008772	0.011356	0.012919	0.017314
 70.000	  0.000	 30.000	  0.000	0.006955	0.009193	0.011609	0.015342
 70.000	  0.000	 35.000	  0.000	0.005764	0.008423	0.010532	0.014412
 70.000	  0.000	 40.000	  0.000	0.004967	0.007696	0.010285	0.014359
 70.000	  0.000	 45.000	  0.000	0.003697	0.007114	0.010657	0.015007
 70.000	  0.000	 50.000	  0.000	0.003082	0.007223	0.012430	0.017424
 70.000	  0.000	 55.000	  0.000	0.002246	0.007941	0.015206	0.022089
 70.000	  0.000	 58.000	  0.000	-0.000455	0.005327	0.006722	0.010588
  0.000	  0.000	 45.000	  0.000	0.028498	0.042691	0.045151	0.058834
