BRF Values
Spectralon for AnoBlack NiTE 3x6
Measurements taken on Wed Sep 14:45:07 by Jacob
BRF values calculated with F:\data\sorted\data_processing_programs\blacklab_rf_calculator_MATLAB\Black_Lab_BRF_v6.m using 0/45 configuration
NIST BRF values linearly interpolated from F:\data\sorted\data_processing_programs\blacklab_rf_calculator_MATLAB\NIST RF files\RSG_working_NIST_standard\NIST_291181-Revised_24477-1-1_0-45_Extended.txt
src_z	src_a	view_z	view_a	385.65nm	630.79nm	852.23nm	1059.04nm
  0.000	  0.000	 45.000	  0.000	1.012514	1.021431	1.020719	1.019991
 10.000	  0.000	 75.000	180.000	0.902536	0.910835	0.913915	0.904902
 10.000	  0.000	 70.000	180.000	0.936468	0.945726	0.949938	0.939571
 10.000	  0.000	 65.000	180.000	0.962574	0.971171	0.973603	0.969326
 10.000	  0.000	 60.000	180.000	0.982672	0.992831	0.993586	0.990308
 10.000	  0.000	 55.000	180.000	0.997929	1.009485	1.008870	1.007524
 10.000	  0.000	 50.000	180.000	1.013251	1.021035	1.023385	1.022040
 10.000	  0.000	 45.000	180.000	1.023819	1.032076	1.034287	1.034333
 10.000	  0.000	 40.000	180.000	1.033383	1.042352	1.042318	1.043301
 10.000	  0.000	 35.000	180.000	1.039031	1.046824	1.051361	1.052591
 10.000	  0.000	 30.000	180.000	1.047841	1.056599	1.057616	1.058155
 10.000	  0.000	 25.000	180.000	1.050296	1.062186	1.065191	1.064120
 10.000	  0.000	 20.000	180.000	1.057908	1.065572	1.067576	1.070007
 10.000	  0.000	 15.000	180.000	1.060132	1.072134	1.074786	1.075254
 10.000	  0.000	 10.000	180.000	1.062122	1.074860	1.076294	1.079321
 10.000	  0.000	  5.000	180.000	1.061600	1.077538	1.078535	1.082069
 10.000	  0.000	  2.000	180.000	1.068080	1.078696	1.079987	1.084427
 10.000	  0.000	 22.000	  0.000	1.054550	1.063602	1.062387	1.061989
 10.000	  0.000	 25.000	  0.000	1.045617	1.054245	1.057062	1.058467
 10.000	  0.000	 30.000	  0.000	1.040432	1.046397	1.044822	1.046202
 10.000	  0.000	 35.000	  0.000	1.028926	1.033536	1.033985	1.035722
 10.000	  0.000	 40.000	  0.000	1.017324	1.023409	1.022726	1.022003
 10.000	  0.000	 45.000	  0.000	1.004137	1.007821	1.007615	1.007727
 10.000	  0.000	 50.000	  0.000	0.988421	0.993321	0.993707	0.992250
 10.000	  0.000	 55.000	  0.000	0.970986	0.978116	0.974647	0.972777
 10.000	  0.000	 60.000	  0.000	0.951035	0.955086	0.952550	0.951401
 10.000	  0.000	 65.000	  0.000	0.925176	0.929948	0.928427	0.924829
 10.000	  0.000	 70.000	  0.000	0.893454	0.898145	0.897996	0.893974
 10.000	  0.000	 75.000	  0.000	0.853552	0.858554	0.858766	0.849649
 30.000	  0.000	 75.000	180.000	0.981466	0.996785	1.002845	0.994559
 30.000	  0.000	 70.000	180.000	1.006574	1.022367	1.027333	1.021462
 30.000	  0.000	 65.000	180.000	1.022466	1.038006	1.043312	1.041510
 30.000	  0.000	 60.000	180.000	1.032939	1.049871	1.055182	1.053111
 30.000	  0.000	 55.000	180.000	1.040062	1.056259	1.060670	1.062525
 30.000	  0.000	 50.000	180.000	1.045286	1.060542	1.064732	1.066470
 30.000	  0.000	 45.000	180.000	1.048491	1.063129	1.067451	1.068433
 30.000	  0.000	 40.000	180.000	1.047429	1.064801	1.069905	1.072540
 30.000	  0.000	 35.000	180.000	1.051389	1.064864	1.067661	1.069345
 30.000	  0.000	 30.000	180.000	1.049876	1.062129	1.069186	1.071525
 30.000	  0.000	 25.000	180.000	1.051556	1.062395	1.065381	1.068362
 30.000	  0.000	 20.000	180.000	1.052176	1.061743	1.064867	1.064888
 30.000	  0.000	 15.000	180.000	1.049758	1.058765	1.058597	1.063115
 30.000	  0.000	 10.000	180.000	1.043150	1.058455	1.059949	1.058630
 30.000	  0.000	  5.000	180.000	1.044372	1.053443	1.057248	1.058516
 30.000	  0.000	  0.000	  0.000	1.042844	1.054255	1.054443	1.052782
 30.000	  0.000	  5.000	  0.000	1.041095	1.052782	1.050258	1.048416
 30.000	  0.000	 10.000	  0.000	1.040680	1.045857	1.047063	1.043589
 30.000	  0.000	 15.000	  0.000	1.037217	1.043501	1.045956	1.042893
 30.000	  0.000	 18.000	  0.000	1.034861	1.042712	1.044323	1.042140
 30.000	  0.000	 42.000	  0.000	0.996881	1.002049	0.994486	0.998257
 30.000	  0.000	 45.000	  0.000	0.987453	0.988469	0.987933	0.986330
 30.000	  0.000	 50.000	  0.000	0.970502	0.974768	0.970333	0.966987
 30.000	  0.000	 55.000	  0.000	0.951481	0.953745	0.952197	0.947406
 30.000	  0.000	 60.000	  0.000	0.930395	0.932325	0.930155	0.926255
 30.000	  0.000	 65.000	  0.000	0.906916	0.908249	0.904989	0.900138
 30.000	  0.000	 70.000	  0.000	0.876501	0.877939	0.873446	0.868852
 30.000	  0.000	 75.000	  0.000	0.837250	0.837998	0.836626	0.824742
 50.000	  0.000	 75.000	180.000	1.172820	1.202770	1.220847	1.213182
 50.000	  0.000	 70.000	180.000	1.156232	1.190909	1.208417	1.203646
 50.000	  0.000	 65.000	180.000	1.140639	1.171809	1.190097	1.184813
 50.000	  0.000	 60.000	180.000	1.124301	1.151902	1.167346	1.168730
 50.000	  0.000	 55.000	180.000	1.105935	1.135671	1.147040	1.149618
 50.000	  0.000	 50.000	180.000	1.092902	1.116486	1.126734	1.130059
 50.000	  0.000	 45.000	180.000	1.078292	1.102078	1.112206	1.113156
 50.000	  0.000	 40.000	180.000	1.063748	1.085884	1.096914	1.099534
 50.000	  0.000	 35.000	180.000	1.053465	1.077373	1.082403	1.084045
 50.000	  0.000	 30.000	180.000	1.044330	1.059126	1.067495	1.068718
 50.000	  0.000	 25.000	180.000	1.033949	1.052039	1.055375	1.055257
 50.000	  0.000	 20.000	180.000	1.024035	1.039160	1.043639	1.042408
 50.000	  0.000	 15.000	180.000	1.018199	1.030576	1.033616	1.033881
 50.000	  0.000	 10.000	180.000	1.012370	1.025237	1.025746	1.025083
 50.000	  0.000	  5.000	180.000	1.005440	1.015695	1.018342	1.016610
 50.000	  0.000	  0.000	  0.000	1.000373	1.010640	1.008430	1.007012
 50.000	  0.000	  5.000	  0.000	0.992855	1.002629	1.003042	1.001286
 50.000	  0.000	 10.000	  0.000	0.990276	0.995914	0.996373	0.994442
 50.000	  0.000	 15.000	  0.000	0.985307	0.992783	0.993035	0.986954
 50.000	  0.000	 20.000	  0.000	0.980779	0.987642	0.985100	0.981635
 50.000	  0.000	 25.000	  0.000	0.977814	0.982589	0.978382	0.978659
 50.000	  0.000	 30.000	  0.000	0.974939	0.978794	0.974569	0.971105
 50.000	  0.000	 35.000	  0.000	0.973409	0.975016	0.970206	0.967561
 50.000	  0.000	 38.000	  0.000	0.967606	0.972261	0.969371	0.964822
 50.000	  0.000	 62.000	  0.000	0.916470	0.915001	0.907615	0.904572
 50.000	  0.000	 65.000	  0.000	0.903581	0.899669	0.892372	0.887127
 50.000	  0.000	 70.000	  0.000	0.875201	0.872571	0.864638	0.858017
 50.000	  0.000	 75.000	  0.000	0.841629	0.836001	0.830279	0.815203
 70.000	  0.000	 75.000	180.000	1.877443	1.977251	2.034538	2.036860
 70.000	  0.000	 70.000	180.000	1.623129	1.701715	1.748377	1.748344
 70.000	  0.000	 65.000	180.000	1.448266	1.516112	1.549438	1.555948
 70.000	  0.000	 60.000	180.000	1.320537	1.372593	1.405004	1.416563
 70.000	  0.000	 55.000	180.000	1.223546	1.274308	1.301655	1.308898
 70.000	  0.000	 50.000	180.000	1.154657	1.199920	1.216492	1.220083
 70.000	  0.000	 45.000	180.000	1.103389	1.139387	1.157037	1.160118
 70.000	  0.000	 40.000	180.000	1.063389	1.092777	1.106566	1.113881
 70.000	  0.000	 35.000	180.000	1.032866	1.058000	1.071860	1.070521
 70.000	  0.000	 30.000	180.000	1.002212	1.029759	1.034780	1.039697
 70.000	  0.000	 25.000	180.000	0.979088	1.003094	1.008788	1.013093
 70.000	  0.000	 20.000	180.000	0.960827	0.982956	0.987939	0.989392
 70.000	  0.000	 15.000	180.000	0.947974	0.967233	0.971148	0.971317
 70.000	  0.000	 10.000	180.000	0.930276	0.949440	0.951231	0.954437
 70.000	  0.000	  5.000	180.000	0.920177	0.937858	0.939892	0.940921
 70.000	  0.000	  0.000	  0.000	0.912032	0.926949	0.927044	0.928326
 70.000	  0.000	  5.000	  0.000	0.902615	0.920054	0.918381	0.921331
 70.000	  0.000	 10.000	  0.000	0.897816	0.909131	0.911684	0.912301
 70.000	  0.000	 15.000	  0.000	0.891357	0.905256	0.905109	0.905669
 70.000	  0.000	 20.000	  0.000	0.887037	0.899795	0.899623	0.896672
 70.000	  0.000	 25.000	  0.000	0.884081	0.893434	0.895807	0.892697
 70.000	  0.000	 30.000	  0.000	0.881535	0.888005	0.889457	0.888554
 70.000	  0.000	 35.000	  0.000	0.880388	0.889631	0.885584	0.884822
 70.000	  0.000	 40.000	  0.000	0.880329	0.885906	0.882360	0.883222
 70.000	  0.000	 45.000	  0.000	0.881732	0.886406	0.883033	0.879870
 70.000	  0.000	 50.000	  0.000	0.884848	0.887019	0.884351	0.878942
 70.000	  0.000	 55.000	  0.000	0.890536	0.890166	0.885542	0.881771
 70.000	  0.000	 58.000	  0.000	0.893829	0.890890	0.879433	0.872783
  0.000	  0.000	 45.000	  0.000	1.011206	1.020419	1.021742	1.020085
