nik (with Jacob)	Wed Sep 09 17:26:27 2026
LOFT 3x6 sample Anoblack NITE (On Invar I believe)
1059.04 nanometers
114
  45.000	   0.000	   0.000	   0.000	0.315026	0.001166	 0.370
  85.000	  10.000	   0.000	 180.000	0.304749	0.000623	 0.204
  80.000	  10.000	   0.000	 180.000	0.319229	0.000915	 0.287
  75.000	  10.000	   0.000	 180.000	0.334891	0.000834	 0.249
  70.000	  10.000	   0.000	 180.000	0.356179	0.000983	 0.276
  65.000	  10.000	   0.000	 180.000	0.383783	0.001112	 0.290
  60.000	  10.000	   0.000	 180.000	0.419243	0.000829	 0.198
  55.000	  10.000	   0.000	 180.000	0.470104	0.001575	 0.335
  50.000	  10.000	   0.000	 180.000	0.535601	0.001231	 0.230
  45.000	  10.000	   0.000	 180.000	0.633872	0.002481	 0.391
  40.000	  10.000	   0.000	 180.000	0.783636	0.002532	 0.323
  35.000	  10.000	   0.000	 180.000	1.040685	0.002347	 0.226
  30.000	  10.000	   0.000	 180.000	1.621784	0.004449	 0.274
  25.000	  10.000	   0.000	 180.000	2.659183	0.006280	 0.236
  20.000	  10.000	   0.000	 180.000	3.552349	0.007722	 0.217
  15.000	  10.000	   0.000	 180.000	2.407914	0.008473	 0.352
  12.000	  10.000	   0.000	 180.000	1.669767	0.003527	 0.211
  12.000	 -10.000	   0.000	   0.000	0.418115	0.001277	 0.305
  15.000	 -10.000	   0.000	   0.000	0.377905	0.000880	 0.233
  20.000	 -10.000	   0.000	   0.000	0.321786	0.001031	 0.320
  25.000	 -10.000	   0.000	   0.000	0.274802	0.001408	 0.512
  30.000	 -10.000	   0.000	   0.000	0.243742	0.000816	 0.335
  35.000	 -10.000	   0.000	   0.000	0.215463	0.000648	 0.301
  40.000	 -10.000	   0.000	   0.000	0.188548	0.000646	 0.342
  45.000	 -10.000	   0.000	   0.000	0.171919	0.000752	 0.438
  50.000	 -10.000	   0.000	   0.000	0.158564	0.000451	 0.285
  55.000	 -10.000	   0.000	   0.000	0.145289	0.000330	 0.227
  60.000	 -10.000	   0.000	   0.000	0.130361	0.000346	 0.265
  65.000	 -10.000	   0.000	   0.000	0.115525	0.000409	 0.354
 105.000	  30.000	   0.000	 180.000	0.860034	0.001785	 0.208
 100.000	  30.000	   0.000	 180.000	0.819074	0.001748	 0.213
  95.000	  30.000	   0.000	 180.000	0.811873	0.001737	 0.214
  90.000	  30.000	   0.000	 180.000	0.829538	0.002396	 0.289
  85.000	  30.000	   0.000	 180.000	0.911380	0.002127	 0.233
  80.000	  30.000	   0.000	 180.000	1.040541	0.001930	 0.185
  75.000	  30.000	   0.000	 180.000	1.269907	0.003286	 0.259
  70.000	  30.000	   0.000	 180.000	1.893283	0.003317	 0.175
  65.000	  30.000	   0.000	 180.000	3.015441	0.006061	 0.201
  60.000	  30.000	   0.000	 180.000	3.911409	0.013213	 0.338
  55.000	  30.000	   0.000	 180.000	2.570064	0.010619	 0.413
  50.000	  30.000	   0.000	 180.000	1.374649	0.002894	 0.211
  45.000	  30.000	   0.000	 180.000	0.887227	0.002821	 0.318
  40.000	  30.000	   0.000	 180.000	0.644953	0.001628	 0.252
  35.000	  30.000	   0.000	 180.000	0.511206	0.001702	 0.333
  30.000	  30.000	   0.000	 180.000	0.413020	0.002206	 0.534
  25.000	  30.000	   0.000	 180.000	0.342470	0.000993	 0.290
  20.000	  30.000	   0.000	 180.000	0.285384	0.000838	 0.294
  15.000	  30.000	   0.000	 180.000	0.236867	0.000687	 0.290
  12.000	  30.000	   0.000	 180.000	0.215560	0.000965	 0.448
  12.000	 -30.000	   0.000	   0.000	0.108738	0.000381	 0.350
  15.000	 -30.000	   0.000	   0.000	0.102283	0.000287	 0.281
  20.000	 -30.000	   0.000	   0.000	0.091354	0.000187	 0.205
  25.000	 -30.000	   0.000	   0.000	0.082973	0.000215	 0.259
  30.000	 -30.000	   0.000	   0.000	0.075137	0.000235	 0.313
  35.000	 -30.000	   0.000	   0.000	0.068047	0.000223	 0.327
  40.000	 -30.000	   0.000	   0.000	0.059380	0.000264	 0.445
  45.000	 -30.000	   0.000	   0.000	0.046084	0.000188	 0.408
 125.000	  50.000	   0.000	 180.000	3.099920	0.007967	 0.257
 120.000	  50.000	   0.000	 180.000	2.797464	0.007574	 0.271
 115.000	  50.000	   0.000	 180.000	2.919717	0.010221	 0.350
 110.000	  50.000	   0.000	 180.000	3.575206	0.010839	 0.303
 105.000	  50.000	   0.000	 180.000	5.111669	0.010877	 0.213
 100.000	  50.000	   0.000	 180.000	6.295910	0.022622	 0.359
  95.000	  50.000	   0.000	 180.000	3.612412	0.020324	 0.563
  90.000	  50.000	   0.000	 180.000	1.740535	0.006389	 0.367
  85.000	  50.000	   0.000	 180.000	1.052089	0.003354	 0.319
  80.000	  50.000	   0.000	 180.000	0.726642	0.001750	 0.241
  75.000	  50.000	   0.000	 180.000	0.549809	0.002201	 0.400
  70.000	  50.000	   0.000	 180.000	0.432704	0.001430	 0.331
  65.000	  50.000	   0.000	 180.000	0.347681	0.001105	 0.318
  60.000	  50.000	   0.000	 180.000	0.279190	0.000920	 0.329
  55.000	  50.000	   0.000	 180.000	0.228097	0.000636	 0.279
  50.000	  50.000	   0.000	 180.000	0.185034	0.000643	 0.348
  45.000	  50.000	   0.000	 180.000	0.151382	0.000393	 0.259
  40.000	  50.000	   0.000	 180.000	0.128779	0.000391	 0.304
  35.000	  50.000	   0.000	 180.000	0.107340	0.000435	 0.405
  30.000	  50.000	   0.000	 180.000	0.091451	0.000416	 0.455
  25.000	  50.000	   0.000	 180.000	0.080120	0.000304	 0.379
  20.000	  50.000	   0.000	 180.000	0.069976	0.000274	 0.392
  15.000	  50.000	   0.000	 180.000	0.063085	0.000199	 0.315
  12.000	  50.000	   0.000	 180.000	0.059570	0.000211	 0.354
  12.000	 -50.000	   0.000	   0.000	0.036033	0.000151	 0.420
  15.000	 -50.000	   0.000	   0.000	0.035300	0.000146	 0.414
  20.000	 -50.000	   0.000	   0.000	0.029661	0.000185	 0.623
  25.000	 -50.000	   0.000	   0.000	0.022400	0.000156	 0.695
 145.000	  70.000	   0.000	 180.000	11.116157	0.001975	 0.018
 140.000	  70.000	   0.000	 180.000	11.113474	0.002002	 0.018
 135.000	  70.000	   0.000	 180.000	11.110849	0.001985	 0.018
 130.000	  70.000	   0.000	 180.000	4.764726	0.016250	 0.341
 125.000	  70.000	   0.000	 180.000	2.410932	0.009917	 0.411
 120.000	  70.000	   0.000	 180.000	1.425389	0.002999	 0.210
 115.000	  70.000	   0.000	 180.000	0.937516	0.002097	 0.224
 110.000	  70.000	   0.000	 180.000	0.638480	0.001724	 0.270
 105.000	  70.000	   0.000	 180.000	0.462047	0.001316	 0.285
 100.000	  70.000	   0.000	 180.000	0.342684	0.001367	 0.399
  95.000	  70.000	   0.000	 180.000	0.251515	0.001419	 0.564
  90.000	  70.000	   0.000	 180.000	0.193584	0.000585	 0.302
  85.000	  70.000	   0.000	 180.000	0.148859	0.000412	 0.277
  80.000	  70.000	   0.000	 180.000	0.117849	0.000222	 0.188
  75.000	  70.000	   0.000	 180.000	0.092918	0.000342	 0.368
  70.000	  70.000	   0.000	 180.000	0.073349	0.000333	 0.455
  65.000	  70.000	   0.000	 180.000	0.059118	0.000228	 0.386
  60.000	  70.000	   0.000	 180.000	0.048403	0.000203	 0.420
  55.000	  70.000	   0.000	 180.000	0.040711	0.000458	 1.124
  50.000	  70.000	   0.000	 180.000	0.035482	0.000176	 0.497
  45.000	  70.000	   0.000	 180.000	0.031715	0.000176	 0.554
  40.000	  70.000	   0.000	 180.000	0.028104	0.000159	 0.566
  35.000	  70.000	   0.000	 180.000	0.026400	0.000187	 0.709
  30.000	  70.000	   0.000	 180.000	0.026303	0.000134	 0.509
  25.000	  70.000	   0.000	 180.000	0.027490	0.000192	 0.699
  20.000	  70.000	   0.000	 180.000	0.031917	0.000162	 0.507
  15.000	  70.000	   0.000	 180.000	0.040463	0.000151	 0.374
  12.000	  70.000	   0.000	 180.000	0.019396	0.000161	 0.831
  45.000	   0.000	   0.000	   0.000	0.315106	0.001105	 0.351
1.0000	1059.04	8.000	10
-0.004214 +- 0.000083 = dark 1
-0.004187 +- 0.000054 = dark 2
 0.000028 = dark 2 - dark 1
11 = filter number
