nik (with Jacob)	Wed Sep 09 16:37:23 2026
LOFT 3x6 sample Anoblack NITE (On Invar I believe)
 385.65 nanometers
114
  45.000	   0.000	   0.000	   0.000	0.095040	0.009671	10.176
  85.000	  10.000	   0.000	 180.000	0.143651	0.001757	 1.223
  80.000	  10.000	   0.000	 180.000	0.142599	0.001632	 1.144
  75.000	  10.000	   0.000	 180.000	0.147563	0.001472	 0.998
  70.000	  10.000	   0.000	 180.000	0.154167	0.001408	 0.913
  65.000	  10.000	   0.000	 180.000	0.162505	0.001330	 0.819
  60.000	  10.000	   0.000	 180.000	0.173766	0.001262	 0.727
  55.000	  10.000	   0.000	 180.000	0.194905	0.001197	 0.614
  50.000	  10.000	   0.000	 180.000	0.223423	0.001511	 0.677
  45.000	  10.000	   0.000	 180.000	0.269275	0.001547	 0.575
  40.000	  10.000	   0.000	 180.000	0.334465	0.001489	 0.445
  35.000	  10.000	   0.000	 180.000	0.446383	0.003187	 0.714
  30.000	  10.000	   0.000	 180.000	0.661130	0.003199	 0.484
  25.000	  10.000	   0.000	 180.000	1.041289	0.003686	 0.354
  20.000	  10.000	   0.000	 180.000	1.325760	0.007261	 0.548
  15.000	  10.000	   0.000	 180.000	0.969862	0.003450	 0.356
  12.000	  10.000	   0.000	 180.000	0.692720	0.002655	 0.383
  12.000	 -10.000	   0.000	   0.000	0.158631	0.001526	 0.962
  15.000	 -10.000	   0.000	   0.000	0.141636	0.001077	 0.761
  20.000	 -10.000	   0.000	   0.000	0.095131	0.000881	 0.926
  25.000	 -10.000	   0.000	   0.000	0.081121	0.000962	 1.186
  30.000	 -10.000	   0.000	   0.000	0.072071	0.005418	 7.518
  35.000	 -10.000	   0.000	   0.000	0.063474	0.004450	 7.010
  40.000	 -10.000	   0.000	   0.000	0.058033	0.003885	 6.694
  45.000	 -10.000	   0.000	   0.000	0.053362	0.003165	 5.931
  50.000	 -10.000	   0.000	   0.000	0.048843	0.001706	 3.492
  55.000	 -10.000	   0.000	   0.000	0.045732	0.001477	 3.229
  60.000	 -10.000	   0.000	   0.000	0.043176	0.001044	 2.418
  65.000	 -10.000	   0.000	   0.000	0.039007	0.001117	 2.865
 105.000	  30.000	   0.000	 180.000	0.466765	0.002818	 0.604
 100.000	  30.000	   0.000	 180.000	0.430715	0.001777	 0.413
  95.000	  30.000	   0.000	 180.000	0.416880	0.001525	 0.366
  90.000	  30.000	   0.000	 180.000	0.421481	0.002506	 0.595
  85.000	  30.000	   0.000	 180.000	0.449694	0.001582	 0.352
  80.000	  30.000	   0.000	 180.000	0.506904	0.001579	 0.312
  75.000	  30.000	   0.000	 180.000	0.622691	0.002491	 0.400
  70.000	  30.000	   0.000	 180.000	0.866208	0.005063	 0.585
  65.000	  30.000	   0.000	 180.000	1.280539	0.003240	 0.253
  60.000	  30.000	   0.000	 180.000	1.570454	0.002899	 0.185
  55.000	  30.000	   0.000	 180.000	1.098251	0.003909	 0.356
  50.000	  30.000	   0.000	 180.000	0.609483	0.002995	 0.491
  45.000	  30.000	   0.000	 180.000	0.374823	0.002269	 0.605
  40.000	  30.000	   0.000	 180.000	0.267702	0.001371	 0.512
  35.000	  30.000	   0.000	 180.000	0.205054	0.001347	 0.657
  30.000	  30.000	   0.000	 180.000	0.161597	0.001744	 1.079
  25.000	  30.000	   0.000	 180.000	0.129909	0.001427	 1.099
  20.000	  30.000	   0.000	 180.000	0.085065	0.001200	 1.410
  15.000	  30.000	   0.000	 180.000	0.075857	0.006691	 8.821
  12.000	  30.000	   0.000	 180.000	0.065462	0.001462	 2.234
  12.000	 -30.000	   0.000	   0.000	0.030643	0.001194	 3.897
  15.000	 -30.000	   0.000	   0.000	0.028824	0.000910	 3.156
  20.000	 -30.000	   0.000	   0.000	0.026501	0.000826	 3.117
  25.000	 -30.000	   0.000	   0.000	0.024570	0.001066	 4.338
  30.000	 -30.000	   0.000	   0.000	0.022978	0.000884	 3.847
  35.000	 -30.000	   0.000	   0.000	0.021165	0.000999	 4.722
  40.000	 -30.000	   0.000	   0.000	0.019136	0.000958	 5.005
  45.000	 -30.000	   0.000	   0.000	0.016768	0.001162	 6.933
 125.000	  50.000	   0.000	 180.000	1.808084	0.005470	 0.303
 120.000	  50.000	   0.000	 180.000	1.634836	0.005804	 0.355
 115.000	  50.000	   0.000	 180.000	1.680719	0.006001	 0.357
 110.000	  50.000	   0.000	 180.000	1.980617	0.005758	 0.291
 105.000	  50.000	   0.000	 180.000	2.576000	0.008579	 0.333
 100.000	  50.000	   0.000	 180.000	2.858012	0.007693	 0.269
  95.000	  50.000	   0.000	 180.000	1.768979	0.005111	 0.289
  90.000	  50.000	   0.000	 180.000	0.891759	0.003789	 0.425
  85.000	  50.000	   0.000	 180.000	0.510736	0.002835	 0.555
  80.000	  50.000	   0.000	 180.000	0.340831	0.002113	 0.620
  75.000	  50.000	   0.000	 180.000	0.247974	0.001271	 0.513
  70.000	  50.000	   0.000	 180.000	0.185774	0.001274	 0.686
  65.000	  50.000	   0.000	 180.000	0.142303	0.001458	 1.024
  60.000	  50.000	   0.000	 180.000	0.084929	0.000956	 1.126
  55.000	  50.000	   0.000	 180.000	0.068023	0.000801	 1.178
  50.000	  50.000	   0.000	 180.000	0.055628	0.000888	 1.597
  45.000	  50.000	   0.000	 180.000	0.046316	0.001160	 2.504
  40.000	  50.000	   0.000	 180.000	0.038928	0.001021	 2.622
  35.000	  50.000	   0.000	 180.000	0.032966	0.001651	 5.008
  30.000	  50.000	   0.000	 180.000	0.028352	0.001144	 4.035
  25.000	  50.000	   0.000	 180.000	0.023488	0.001048	 4.461
  20.000	  50.000	   0.000	 180.000	0.019739	0.000822	 4.165
  15.000	  50.000	   0.000	 180.000	0.015964	0.000854	 5.348
  12.000	  50.000	   0.000	 180.000	0.013912	0.001065	 7.658
  12.000	 -50.000	   0.000	   0.000	0.006923	0.001064	15.364
  15.000	 -50.000	   0.000	   0.000	0.006492	0.000978	15.059
  20.000	 -50.000	   0.000	   0.000	0.006016	0.000904	15.022
  25.000	 -50.000	   0.000	   0.000	0.005220	0.000905	17.334
 145.000	  70.000	   0.000	 180.000	11.122443	0.002468	 0.022
 140.000	  70.000	   0.000	 180.000	11.119644	0.002443	 0.022
 135.000	  70.000	   0.000	 180.000	6.963487	0.023643	 0.340
 130.000	  70.000	   0.000	 180.000	2.867851	0.008605	 0.300
 125.000	  70.000	   0.000	 180.000	1.410961	0.002959	 0.210
 120.000	  70.000	   0.000	 180.000	0.815321	0.002961	 0.363
 115.000	  70.000	   0.000	 180.000	0.517204	0.002422	 0.468
 110.000	  70.000	   0.000	 180.000	0.343558	0.002103	 0.612
 105.000	  70.000	   0.000	 180.000	0.235134	0.001509	 0.642
 100.000	  70.000	   0.000	 180.000	0.163000	0.001216	 0.746
  95.000	  70.000	   0.000	 180.000	0.085902	0.000970	 1.130
  90.000	  70.000	   0.000	 180.000	0.065661	0.005110	 7.783
  85.000	  70.000	   0.000	 180.000	0.049970	0.000868	 1.738
  80.000	  70.000	   0.000	 180.000	0.039175	0.001394	 3.558
  75.000	  70.000	   0.000	 180.000	0.031458	0.002593	 8.242
  70.000	  70.000	   0.000	 180.000	0.025527	0.001195	 4.681
  65.000	  70.000	   0.000	 180.000	0.021019	0.000850	 4.045
  60.000	  70.000	   0.000	 180.000	0.017783	0.001279	 7.194
  55.000	  70.000	   0.000	 180.000	0.014796	0.001060	 7.167
  50.000	  70.000	   0.000	 180.000	0.012033	0.001113	 9.248
  45.000	  70.000	   0.000	 180.000	0.010120	0.001215	12.004
  40.000	  70.000	   0.000	 180.000	0.008024	0.001545	19.257
  35.000	  70.000	   0.000	 180.000	0.006650	0.000906	13.625
  30.000	  70.000	   0.000	 180.000	0.005730	0.001110	19.380
  25.000	  70.000	   0.000	 180.000	0.004265	0.001085	25.450
  20.000	  70.000	   0.000	 180.000	0.003556	0.000946	26.590
  15.000	  70.000	   0.000	 180.000	0.002591	0.000905	34.924
  12.000	  70.000	   0.000	 180.000	-0.000525	0.001040	197.954
  45.000	   0.000	   0.000	   0.000	0.096131	0.009709	10.100
1.0000	 385.65	8.000	11
-0.024335 +- 0.000580 = dark 1
-0.024615 +- 0.000362 = dark 2
-0.000280 = dark 2 - dark 1
7 = filter number
