nik (with Jacob)	Wed Sep 09 16:12:51 2026
LOFT 3x6 sample Anoblack NITE (On Invar I believe)
 630.79 nanometers
114
  45.000	   0.000	   0.000	   0.000	0.206316	0.000710	 0.344
  85.000	  10.000	   0.000	 180.000	0.232856	0.000857	 0.368
  80.000	  10.000	   0.000	 180.000	0.237698	0.000958	 0.403
  75.000	  10.000	   0.000	 180.000	0.244148	0.000716	 0.293
  70.000	  10.000	   0.000	 180.000	0.259921	0.001120	 0.431
  65.000	  10.000	   0.000	 180.000	0.272461	0.000511	 0.188
  60.000	  10.000	   0.000	 180.000	0.292464	0.001182	 0.404
  55.000	  10.000	   0.000	 180.000	0.321269	0.000478	 0.149
  50.000	  10.000	   0.000	 180.000	0.364339	0.001116	 0.306
  45.000	  10.000	   0.000	 180.000	0.429773	0.000920	 0.214
  40.000	  10.000	   0.000	 180.000	0.529704	0.001562	 0.295
  35.000	  10.000	   0.000	 180.000	0.689735	0.003389	 0.491
  30.000	  10.000	   0.000	 180.000	1.024898	0.002366	 0.231
  25.000	  10.000	   0.000	 180.000	1.638570	0.005684	 0.347
  20.000	  10.000	   0.000	 180.000	2.124622	0.007687	 0.362
  15.000	  10.000	   0.000	 180.000	1.522503	0.005177	 0.340
  12.000	  10.000	   0.000	 180.000	1.076727	0.002302	 0.214
  12.000	 -10.000	   0.000	   0.000	0.260392	0.000888	 0.341
  15.000	 -10.000	   0.000	   0.000	0.237390	0.000735	 0.310
  20.000	 -10.000	   0.000	   0.000	0.204787	0.000589	 0.288
  25.000	 -10.000	   0.000	   0.000	0.175879	0.000670	 0.381
  30.000	 -10.000	   0.000	   0.000	0.156035	0.000572	 0.367
  35.000	 -10.000	   0.000	   0.000	0.138249	0.000575	 0.416
  40.000	 -10.000	   0.000	   0.000	0.124182	0.000373	 0.300
  45.000	 -10.000	   0.000	   0.000	0.114694	0.000497	 0.433
  50.000	 -10.000	   0.000	   0.000	0.103839	0.000387	 0.373
  55.000	 -10.000	   0.000	   0.000	0.098505	0.000248	 0.252
  60.000	 -10.000	   0.000	   0.000	0.089290	0.000280	 0.314
  65.000	 -10.000	   0.000	   0.000	0.081631	0.000267	 0.328
 105.000	  30.000	   0.000	 180.000	0.694846	0.002150	 0.309
 100.000	  30.000	   0.000	 180.000	0.645898	0.002036	 0.315
  95.000	  30.000	   0.000	 180.000	0.629441	0.002210	 0.351
  90.000	  30.000	   0.000	 180.000	0.636015	0.001814	 0.285
  85.000	  30.000	   0.000	 180.000	0.682947	0.001292	 0.189
  80.000	  30.000	   0.000	 180.000	0.774295	0.002235	 0.289
  75.000	  30.000	   0.000	 180.000	0.947639	0.002374	 0.251
  70.000	  30.000	   0.000	 180.000	1.351172	0.003926	 0.291
  65.000	  30.000	   0.000	 180.000	2.042471	0.005878	 0.288
  60.000	  30.000	   0.000	 180.000	2.584385	0.007913	 0.306
  55.000	  30.000	   0.000	 180.000	1.761702	0.008359	 0.475
  50.000	  30.000	   0.000	 180.000	0.939844	0.002164	 0.230
  45.000	  30.000	   0.000	 180.000	0.585392	0.001578	 0.270
  40.000	  30.000	   0.000	 180.000	0.425814	0.001327	 0.312
  35.000	  30.000	   0.000	 180.000	0.331250	0.000580	 0.175
  30.000	  30.000	   0.000	 180.000	0.267692	0.000819	 0.306
  25.000	  30.000	   0.000	 180.000	0.222280	0.000727	 0.327
  20.000	  30.000	   0.000	 180.000	0.183737	0.000771	 0.420
  15.000	  30.000	   0.000	 180.000	0.152302	0.000437	 0.287
  12.000	  30.000	   0.000	 180.000	0.137843	0.000696	 0.505
  12.000	 -30.000	   0.000	   0.000	0.065397	0.000219	 0.334
  15.000	 -30.000	   0.000	   0.000	0.061797	0.000279	 0.452
  20.000	 -30.000	   0.000	   0.000	0.055346	0.000260	 0.469
  25.000	 -30.000	   0.000	   0.000	0.049756	0.000263	 0.528
  30.000	 -30.000	   0.000	   0.000	0.045952	0.000176	 0.383
  35.000	 -30.000	   0.000	   0.000	0.041649	0.000145	 0.348
  40.000	 -30.000	   0.000	   0.000	0.036852	0.000172	 0.467
  45.000	 -30.000	   0.000	   0.000	0.031164	0.000175	 0.560
 125.000	  50.000	   0.000	 180.000	2.584848	0.003217	 0.124
 120.000	  50.000	   0.000	 180.000	2.345563	0.007769	 0.331
 115.000	  50.000	   0.000	 180.000	2.371763	0.005557	 0.234
 110.000	  50.000	   0.000	 180.000	2.902778	0.013048	 0.450
 105.000	  50.000	   0.000	 180.000	3.930701	0.005474	 0.139
 100.000	  50.000	   0.000	 180.000	4.499575	0.012276	 0.273
  95.000	  50.000	   0.000	 180.000	2.653639	0.017578	 0.662
  90.000	  50.000	   0.000	 180.000	1.350824	0.008825	 0.653
  85.000	  50.000	   0.000	 180.000	0.775364	0.002464	 0.318
  80.000	  50.000	   0.000	 180.000	0.526512	0.001773	 0.337
  75.000	  50.000	   0.000	 180.000	0.394558	0.001210	 0.307
  70.000	  50.000	   0.000	 180.000	0.307385	0.000662	 0.215
  65.000	  50.000	   0.000	 180.000	0.242777	0.001315	 0.542
  60.000	  50.000	   0.000	 180.000	0.193902	0.000575	 0.296
  55.000	  50.000	   0.000	 180.000	0.153128	0.000542	 0.354
  50.000	  50.000	   0.000	 180.000	0.122898	0.000306	 0.249
  45.000	  50.000	   0.000	 180.000	0.100556	0.000476	 0.473
  40.000	  50.000	   0.000	 180.000	0.084901	0.000270	 0.318
  35.000	  50.000	   0.000	 180.000	0.070749	0.000282	 0.399
  30.000	  50.000	   0.000	 180.000	0.057888	0.000399	 0.689
  25.000	  50.000	   0.000	 180.000	0.048932	0.000234	 0.479
  20.000	  50.000	   0.000	 180.000	0.042846	0.000238	 0.555
  15.000	  50.000	   0.000	 180.000	0.036889	0.000246	 0.666
  12.000	  50.000	   0.000	 180.000	0.035448	0.000172	 0.485
  12.000	 -50.000	   0.000	   0.000	0.020123	0.000135	 0.669
  15.000	 -50.000	   0.000	   0.000	0.018908	0.000149	 0.789
  20.000	 -50.000	   0.000	   0.000	0.015907	0.000165	 1.038
  25.000	 -50.000	   0.000	   0.000	0.012588	0.000153	 1.212
 145.000	  70.000	   0.000	 180.000	11.116659	0.001978	 0.018
 140.000	  70.000	   0.000	 180.000	11.113366	0.002005	 0.018
 135.000	  70.000	   0.000	 180.000	10.295938	0.024136	 0.234
 130.000	  70.000	   0.000	 180.000	4.068993	0.010404	 0.256
 125.000	  70.000	   0.000	 180.000	2.016748	0.002734	 0.136
 120.000	  70.000	   0.000	 180.000	1.171059	0.003796	 0.324
 115.000	  70.000	   0.000	 180.000	0.755598	0.002970	 0.393
 110.000	  70.000	   0.000	 180.000	0.514649	0.001483	 0.288
 105.000	  70.000	   0.000	 180.000	0.361588	0.001896	 0.524
 100.000	  70.000	   0.000	 180.000	0.258814	0.000866	 0.335
  95.000	  70.000	   0.000	 180.000	0.190895	0.000691	 0.362
  90.000	  70.000	   0.000	 180.000	0.143446	0.000290	 0.202
  85.000	  70.000	   0.000	 180.000	0.108454	0.000447	 0.412
  80.000	  70.000	   0.000	 180.000	0.083497	0.000322	 0.385
  75.000	  70.000	   0.000	 180.000	0.064926	0.000224	 0.345
  70.000	  70.000	   0.000	 180.000	0.050721	0.000229	 0.451
  65.000	  70.000	   0.000	 180.000	0.040552	0.000191	 0.471
  60.000	  70.000	   0.000	 180.000	0.033124	0.000191	 0.576
  55.000	  70.000	   0.000	 180.000	0.026178	0.000192	 0.732
  50.000	  70.000	   0.000	 180.000	0.022076	0.000150	 0.681
  45.000	  70.000	   0.000	 180.000	0.018708	0.000209	 1.116
  40.000	  70.000	   0.000	 180.000	0.015144	0.000182	 1.202
  35.000	  70.000	   0.000	 180.000	0.013876	0.000146	 1.053
  30.000	  70.000	   0.000	 180.000	0.012678	0.000163	 1.287
  25.000	  70.000	   0.000	 180.000	0.011720	0.000156	 1.332
  20.000	  70.000	   0.000	 180.000	0.011899	0.000148	 1.248
  15.000	  70.000	   0.000	 180.000	0.013082	0.000121	 0.922
  12.000	  70.000	   0.000	 180.000	0.008775	0.000113	 1.290
  45.000	   0.000	   0.000	   0.000	0.205627	0.000630	 0.306
1.0000	 630.79	8.000	10
-0.004875 +- 0.000057 = dark 1
-0.004368 +- 0.000086 = dark 2
 0.000507 = dark 2 - dark 1
4 = filter number
