nik (with Jacob)	Wed Sep 09 17:02:02 2026
LOFT 3x6 sample Anoblack NITE (On Invar I believe)
 852.23 nanometers
114
  45.000	   0.000	   0.000	   0.000	0.046400	0.000148	 0.319
  85.000	  10.000	   0.000	 180.000	0.055933	0.000184	 0.328
  80.000	  10.000	   0.000	 180.000	0.056757	0.000180	 0.318
  75.000	  10.000	   0.000	 180.000	0.057918	0.000142	 0.244
  70.000	  10.000	   0.000	 180.000	0.060550	0.000155	 0.255
  65.000	  10.000	   0.000	 180.000	0.063406	0.000290	 0.457
  60.000	  10.000	   0.000	 180.000	0.066848	0.000338	 0.505
  55.000	  10.000	   0.000	 180.000	0.072862	0.000312	 0.428
  50.000	  10.000	   0.000	 180.000	0.081835	0.000609	 0.745
  45.000	  10.000	   0.000	 180.000	0.095335	0.000207	 0.217
  40.000	  10.000	   0.000	 180.000	0.115654	0.000306	 0.265
  35.000	  10.000	   0.000	 180.000	0.149646	0.000414	 0.276
  30.000	  10.000	   0.000	 180.000	0.225834	0.001146	 0.507
  25.000	  10.000	   0.000	 180.000	0.361195	0.001027	 0.284
  20.000	  10.000	   0.000	 180.000	0.481434	0.001439	 0.299
  15.000	  10.000	   0.000	 180.000	0.329527	0.001063	 0.323
  12.000	  10.000	   0.000	 180.000	0.230280	0.000433	 0.188
  12.000	 -10.000	   0.000	   0.000	0.057513	0.000269	 0.467
  15.000	 -10.000	   0.000	   0.000	0.051974	0.000139	 0.267
  20.000	 -10.000	   0.000	   0.000	0.045354	0.000230	 0.508
  25.000	 -10.000	   0.000	   0.000	0.039059	0.000116	 0.297
  30.000	 -10.000	   0.000	   0.000	0.034963	0.000218	 0.624
  35.000	 -10.000	   0.000	   0.000	0.031477	0.000107	 0.339
  40.000	 -10.000	   0.000	   0.000	0.027884	0.000093	 0.334
  45.000	 -10.000	   0.000	   0.000	0.026053	0.000134	 0.516
  50.000	 -10.000	   0.000	   0.000	0.023962	0.000093	 0.387
  55.000	 -10.000	   0.000	   0.000	0.022280	0.000096	 0.431
  60.000	 -10.000	   0.000	   0.000	0.020583	0.000097	 0.470
  65.000	 -10.000	   0.000	   0.000	0.018550	0.000073	 0.395
 105.000	  30.000	   0.000	 180.000	0.166928	0.000270	 0.162
 100.000	  30.000	   0.000	 180.000	0.157316	0.000372	 0.236
  95.000	  30.000	   0.000	 180.000	0.151931	0.000509	 0.335
  90.000	  30.000	   0.000	 180.000	0.153224	0.000492	 0.321
  85.000	  30.000	   0.000	 180.000	0.162660	0.000574	 0.353
  80.000	  30.000	   0.000	 180.000	0.179906	0.000555	 0.308
  75.000	  30.000	   0.000	 180.000	0.219380	0.000625	 0.285
  70.000	  30.000	   0.000	 180.000	0.314261	0.001028	 0.327
  65.000	  30.000	   0.000	 180.000	0.485078	0.001153	 0.238
  60.000	  30.000	   0.000	 180.000	0.609079	0.002904	 0.477
  55.000	  30.000	   0.000	 180.000	0.398002	0.001202	 0.302
  50.000	  30.000	   0.000	 180.000	0.208371	0.000731	 0.351
  45.000	  30.000	   0.000	 180.000	0.129201	0.000428	 0.331
  40.000	  30.000	   0.000	 180.000	0.092188	0.000325	 0.353
  35.000	  30.000	   0.000	 180.000	0.072097	0.000298	 0.413
  30.000	  30.000	   0.000	 180.000	0.059116	0.000266	 0.450
  25.000	  30.000	   0.000	 180.000	0.048887	0.000198	 0.405
  20.000	  30.000	   0.000	 180.000	0.040662	0.000151	 0.372
  15.000	  30.000	   0.000	 180.000	0.033634	0.000102	 0.304
  12.000	  30.000	   0.000	 180.000	0.031116	0.000128	 0.411
  12.000	 -30.000	   0.000	   0.000	0.015331	0.000066	 0.432
  15.000	 -30.000	   0.000	   0.000	0.014519	0.000073	 0.503
  20.000	 -30.000	   0.000	   0.000	0.013250	0.000083	 0.626
  25.000	 -30.000	   0.000	   0.000	0.011912	0.000076	 0.639
  30.000	 -30.000	   0.000	   0.000	0.010927	0.000097	 0.885
  35.000	 -30.000	   0.000	   0.000	0.009862	0.000078	 0.795
  40.000	 -30.000	   0.000	   0.000	0.008671	0.000071	 0.816
  45.000	 -30.000	   0.000	   0.000	0.007108	0.000072	 1.012
 125.000	  50.000	   0.000	 180.000	0.607916	0.003047	 0.501
 120.000	  50.000	   0.000	 180.000	0.562861	0.001788	 0.318
 115.000	  50.000	   0.000	 180.000	0.578947	0.001554	 0.268
 110.000	  50.000	   0.000	 180.000	0.704040	0.001879	 0.267
 105.000	  50.000	   0.000	 180.000	0.981606	0.002807	 0.286
 100.000	  50.000	   0.000	 180.000	1.170948	0.006382	 0.545
  95.000	  50.000	   0.000	 180.000	0.678168	0.001726	 0.254
  90.000	  50.000	   0.000	 180.000	0.318659	0.000761	 0.239
  85.000	  50.000	   0.000	 180.000	0.184948	0.000607	 0.328
  80.000	  50.000	   0.000	 180.000	0.122343	0.000273	 0.223
  75.000	  50.000	   0.000	 180.000	0.090310	0.000242	 0.268
  70.000	  50.000	   0.000	 180.000	0.069976	0.000309	 0.441
  65.000	  50.000	   0.000	 180.000	0.054977	0.000296	 0.538
  60.000	  50.000	   0.000	 180.000	0.043350	0.000175	 0.404
  55.000	  50.000	   0.000	 180.000	0.034645	0.000142	 0.409
  50.000	  50.000	   0.000	 180.000	0.028001	0.000090	 0.322
  45.000	  50.000	   0.000	 180.000	0.022922	0.000089	 0.390
  40.000	  50.000	   0.000	 180.000	0.018768	0.000090	 0.478
  35.000	  50.000	   0.000	 180.000	0.015998	0.000106	 0.663
  30.000	  50.000	   0.000	 180.000	0.013442	0.000085	 0.633
  25.000	  50.000	   0.000	 180.000	0.011563	0.000104	 0.899
  20.000	  50.000	   0.000	 180.000	0.010151	0.000072	 0.706
  15.000	  50.000	   0.000	 180.000	0.009023	0.000073	 0.807
  12.000	  50.000	   0.000	 180.000	0.008331	0.000083	 0.992
  12.000	 -50.000	   0.000	   0.000	0.005046	0.000061	 1.210
  15.000	 -50.000	   0.000	   0.000	0.004642	0.000061	 1.308
  20.000	 -50.000	   0.000	   0.000	0.004056	0.000059	 1.458
  25.000	 -50.000	   0.000	   0.000	0.003068	0.000051	 1.650
 145.000	  70.000	   0.000	 180.000	5.429588	0.021251	 0.391
 140.000	  70.000	   0.000	 180.000	5.707460	0.019571	 0.343
 135.000	  70.000	   0.000	 180.000	2.387890	0.008418	 0.353
 130.000	  70.000	   0.000	 180.000	0.944229	0.002724	 0.289
 125.000	  70.000	   0.000	 180.000	0.474885	0.001504	 0.317
 120.000	  70.000	   0.000	 180.000	0.279823	0.000756	 0.270
 115.000	  70.000	   0.000	 180.000	0.181093	0.000430	 0.237
 110.000	  70.000	   0.000	 180.000	0.122913	0.000327	 0.266
 105.000	  70.000	   0.000	 180.000	0.087812	0.000258	 0.294
 100.000	  70.000	   0.000	 180.000	0.062573	0.000219	 0.350
  95.000	  70.000	   0.000	 180.000	0.045648	0.000209	 0.458
  90.000	  70.000	   0.000	 180.000	0.033684	0.000120	 0.357
  85.000	  70.000	   0.000	 180.000	0.025161	0.000129	 0.514
  80.000	  70.000	   0.000	 180.000	0.019508	0.000081	 0.417
  75.000	  70.000	   0.000	 180.000	0.014872	0.000074	 0.496
  70.000	  70.000	   0.000	 180.000	0.011685	0.000086	 0.740
  65.000	  70.000	   0.000	 180.000	0.009322	0.000073	 0.780
  60.000	  70.000	   0.000	 180.000	0.007620	0.000060	 0.789
  55.000	  70.000	   0.000	 180.000	0.006270	0.000066	 1.047
  50.000	  70.000	   0.000	 180.000	0.005231	0.000076	 1.454
  45.000	  70.000	   0.000	 180.000	0.004547	0.000067	 1.479
  40.000	  70.000	   0.000	 180.000	0.004086	0.000060	 1.461
  35.000	  70.000	   0.000	 180.000	0.003707	0.000068	 1.840
  30.000	  70.000	   0.000	 180.000	0.003620	0.000051	 1.396
  25.000	  70.000	   0.000	 180.000	0.003751	0.000052	 1.391
  20.000	  70.000	   0.000	 180.000	0.004375	0.000064	 1.467
  15.000	  70.000	   0.000	 180.000	0.005352	0.000073	 1.355
  12.000	  70.000	   0.000	 180.000	0.002366	0.000071	 3.021
  45.000	   0.000	   0.000	   0.000	0.046463	0.000165	 0.355
1.0000	 852.23	8.000	9
-0.000490 +- 0.000032 = dark 1
-0.000564 +- 0.000030 = dark 2
-0.000074 = dark 2 - dark 1
9 = filter number
