BRF Values
RSG working reference for LOFT black sample
Measurements taken on Sep 14 2026 by Mavko
BRF values calculated with F:\data\sorted\data_processing_programs\blacklab_rf_calculator_MATLAB\Black_Lab_BRF_v6.m using 0/45 configuration
NIST BRF values linearly interpolated from F:\data\sorted\data_processing_programs\blacklab_rf_calculator_MATLAB\NIST RF files\RSG_working_NIST_standard\NIST_291181-Revised_24477-1-1_0-45_Extended.txt
src_z	src_a	view_z	view_a	385.65nm	630.79nm	852.23nm	1059.04nm
  0.000	  0.000	 45.000	  0.000	1.011718	1.021372	1.022255	1.018745
 10.000	  0.000	 75.000	180.000	0.900537	0.910454	0.912992	0.903602
 10.000	  0.000	 70.000	180.000	0.935770	0.945480	0.947619	0.940002
 10.000	  0.000	 65.000	180.000	0.964121	0.971480	0.974554	0.966973
 10.000	  0.000	 60.000	180.000	0.983648	0.991770	0.996097	0.989170
 10.000	  0.000	 55.000	180.000	0.998628	1.008557	1.009265	1.005896
 10.000	  0.000	 50.000	180.000	1.011482	1.022376	1.025131	1.019725
 10.000	  0.000	 45.000	180.000	1.023705	1.032316	1.034648	1.033353
 10.000	  0.000	 40.000	180.000	1.032083	1.044234	1.043937	1.042583
 10.000	  0.000	 35.000	180.000	1.039308	1.049867	1.051055	1.050317
 10.000	  0.000	 30.000	180.000	1.046388	1.056137	1.061134	1.058067
 10.000	  0.000	 25.000	180.000	1.052920	1.061264	1.064579	1.065391
 10.000	  0.000	 20.000	180.000	1.056437	1.066910	1.067148	1.068549
 10.000	  0.000	 15.000	180.000	1.059299	1.071764	1.073614	1.074357
 10.000	  0.000	 10.000	180.000	1.062747	1.074495	1.076126	1.077940
 10.000	  0.000	  5.000	180.000	1.064314	1.078079	1.080000	1.080300
 10.000	  0.000	  2.000	180.000	1.066933	1.079372	1.080869	1.081348
 10.000	  0.000	 22.000	  0.000	1.050664	1.062590	1.062312	1.064517
 10.000	  0.000	 25.000	  0.000	1.047105	1.056092	1.057972	1.057168
 10.000	  0.000	 30.000	  0.000	1.039022	1.045930	1.046186	1.046599
 10.000	  0.000	 35.000	  0.000	1.026495	1.035062	1.035546	1.035266
 10.000	  0.000	 40.000	  0.000	1.015914	1.023432	1.021347	1.021409
 10.000	  0.000	 45.000	  0.000	1.002783	1.010498	1.010396	1.007459
 10.000	  0.000	 50.000	  0.000	0.989388	0.996426	0.994848	0.993120
 10.000	  0.000	 55.000	  0.000	0.972764	0.975594	0.975748	0.971924
 10.000	  0.000	 60.000	  0.000	0.949541	0.955730	0.953800	0.950518
 10.000	  0.000	 65.000	  0.000	0.924922	0.930309	0.928771	0.923469
 10.000	  0.000	 70.000	  0.000	0.892337	0.898925	0.898204	0.889833
 10.000	  0.000	 75.000	  0.000	0.854665	0.860025	0.858770	0.848011
 30.000	  0.000	 75.000	180.000	0.978982	0.997292	1.004128	0.992189
 30.000	  0.000	 70.000	180.000	1.004030	1.022849	1.027736	1.020269
 30.000	  0.000	 65.000	180.000	1.022190	1.037058	1.044919	1.038203
 30.000	  0.000	 60.000	180.000	1.031854	1.047849	1.054475	1.052445
 30.000	  0.000	 55.000	180.000	1.039179	1.055011	1.061880	1.059714
 30.000	  0.000	 50.000	180.000	1.043101	1.059237	1.066911	1.064625
 30.000	  0.000	 45.000	180.000	1.045909	1.061205	1.066524	1.068570
 30.000	  0.000	 40.000	180.000	1.051267	1.063892	1.070748	1.069771
 30.000	  0.000	 35.000	180.000	1.048537	1.062833	1.068163	1.068994
 30.000	  0.000	 30.000	180.000	1.050538	1.062596	1.066267	1.069026
 30.000	  0.000	 25.000	180.000	1.050668	1.062143	1.063825	1.067466
 30.000	  0.000	 20.000	180.000	1.049906	1.061178	1.064659	1.065464
 30.000	  0.000	 15.000	180.000	1.047584	1.059843	1.062333	1.065264
 30.000	  0.000	 10.000	180.000	1.045735	1.058176	1.058724	1.058964
 30.000	  0.000	  5.000	180.000	1.044904	1.054199	1.057196	1.057175
 30.000	  0.000	  0.000	  0.000	1.041451	1.053292	1.053912	1.052750
 30.000	  0.000	  5.000	  0.000	1.039821	1.049602	1.049538	1.047869
 30.000	  0.000	 10.000	  0.000	1.038541	1.046849	1.047884	1.045486
 30.000	  0.000	 15.000	  0.000	1.034122	1.045077	1.045011	1.044099
 30.000	  0.000	 18.000	  0.000	1.036315	1.044164	1.043316	1.040032
 30.000	  0.000	 42.000	  0.000	0.996593	1.000864	0.998848	0.996726
 30.000	  0.000	 45.000	  0.000	0.987115	0.992086	0.990289	0.986512
 30.000	  0.000	 50.000	  0.000	0.971783	0.974712	0.969973	0.968515
 30.000	  0.000	 55.000	  0.000	0.952583	0.955677	0.953348	0.947803
 30.000	  0.000	 60.000	  0.000	0.932146	0.933256	0.931349	0.927013
 30.000	  0.000	 65.000	  0.000	0.907662	0.908245	0.904978	0.900312
 30.000	  0.000	 70.000	  0.000	0.877597	0.877142	0.874718	0.869664
 30.000	  0.000	 75.000	  0.000	0.836645	0.837713	0.835771	0.824606
 50.000	  0.000	 75.000	180.000	1.170911	1.203917	1.221213	1.212731
 50.000	  0.000	 70.000	180.000	1.156436	1.191980	1.205085	1.200736
 50.000	  0.000	 65.000	180.000	1.139338	1.170519	1.187299	1.182717
 50.000	  0.000	 60.000	180.000	1.120975	1.151845	1.168001	1.166256
 50.000	  0.000	 55.000	180.000	1.106643	1.135113	1.145560	1.148188
 50.000	  0.000	 50.000	180.000	1.091880	1.115508	1.126359	1.130102
 50.000	  0.000	 45.000	180.000	1.078533	1.102456	1.111458	1.113742
 50.000	  0.000	 40.000	180.000	1.065955	1.087764	1.095014	1.096510
 50.000	  0.000	 35.000	180.000	1.054040	1.073305	1.081397	1.083509
 50.000	  0.000	 30.000	180.000	1.043919	1.062002	1.064208	1.068355
 50.000	  0.000	 25.000	180.000	1.035072	1.050849	1.055517	1.054595
 50.000	  0.000	 20.000	180.000	1.027216	1.041219	1.043511	1.044272
 50.000	  0.000	 15.000	180.000	1.019415	1.031284	1.035699	1.033315
 50.000	  0.000	 10.000	180.000	1.012964	1.025225	1.024729	1.025050
 50.000	  0.000	  5.000	180.000	1.004355	1.017072	1.016451	1.014178
 50.000	  0.000	  0.000	  0.000	1.000143	1.010962	1.008798	1.006962
 50.000	  0.000	  5.000	  0.000	0.995819	1.002410	1.004403	1.000573
 50.000	  0.000	 10.000	  0.000	0.988152	0.997030	0.995231	0.991729
 50.000	  0.000	 15.000	  0.000	0.985244	0.993186	0.990699	0.988069
 50.000	  0.000	 20.000	  0.000	0.981419	0.987711	0.983923	0.983658
 50.000	  0.000	 25.000	  0.000	0.978463	0.982845	0.979804	0.975927
 50.000	  0.000	 30.000	  0.000	0.973841	0.977610	0.973379	0.971920
 50.000	  0.000	 35.000	  0.000	0.970938	0.974521	0.971368	0.967449
 50.000	  0.000	 38.000	  0.000	0.970046	0.971121	0.967954	0.962075
 50.000	  0.000	 62.000	  0.000	0.919338	0.915767	0.908381	0.901972
 50.000	  0.000	 65.000	  0.000	0.904208	0.898331	0.894848	0.889146
 50.000	  0.000	 70.000	  0.000	0.877979	0.871815	0.864229	0.858391
 50.000	  0.000	 75.000	  0.000	0.842678	0.836850	0.830703	0.817020
 70.000	  0.000	 75.000	180.000	1.877447	1.974076	2.031694	2.032280
 70.000	  0.000	 70.000	180.000	1.617096	1.697171	1.743669	1.736634
 70.000	  0.000	 65.000	180.000	1.446866	1.508321	1.541707	1.549638
 70.000	  0.000	 60.000	180.000	1.320205	1.369002	1.400542	1.411792
 70.000	  0.000	 55.000	180.000	1.225742	1.270991	1.294756	1.306284
 70.000	  0.000	 50.000	180.000	1.156667	1.196826	1.213372	1.217520
 70.000	  0.000	 45.000	180.000	1.107512	1.141390	1.154591	1.156450
 70.000	  0.000	 40.000	180.000	1.063199	1.094001	1.107427	1.110601
 70.000	  0.000	 35.000	180.000	1.030316	1.056940	1.069102	1.072288
 70.000	  0.000	 30.000	180.000	1.005584	1.027901	1.036938	1.038882
 70.000	  0.000	 25.000	180.000	0.982289	1.002427	1.006938	1.011274
 70.000	  0.000	 20.000	180.000	0.964087	0.982527	0.986923	0.989674
 70.000	  0.000	 15.000	180.000	0.948915	0.963898	0.968744	0.970001
 70.000	  0.000	 10.000	180.000	0.933379	0.950482	0.952925	0.954989
 70.000	  0.000	  5.000	180.000	0.923990	0.938340	0.939622	0.938313
 70.000	  0.000	  0.000	  0.000	0.913321	0.927514	0.928955	0.927188
 70.000	  0.000	  5.000	  0.000	0.905626	0.918221	0.919917	0.918871
 70.000	  0.000	 10.000	  0.000	0.901250	0.910264	0.910236	0.909882
 70.000	  0.000	 15.000	  0.000	0.893374	0.904243	0.904027	0.904913
 70.000	  0.000	 20.000	  0.000	0.891421	0.899592	0.898827	0.897504
 70.000	  0.000	 25.000	  0.000	0.888492	0.894086	0.893485	0.894287
 70.000	  0.000	 30.000	  0.000	0.885384	0.890758	0.889081	0.887174
 70.000	  0.000	 35.000	  0.000	0.885553	0.889273	0.885936	0.884150
 70.000	  0.000	 40.000	  0.000	0.884182	0.885306	0.884318	0.882458
 70.000	  0.000	 45.000	  0.000	0.885444	0.886695	0.881888	0.879025
 70.000	  0.000	 50.000	  0.000	0.888287	0.887101	0.884554	0.879713
 70.000	  0.000	 55.000	  0.000	0.894126	0.889750	0.887022	0.882414
 70.000	  0.000	 58.000	  0.000	0.896684	0.891698	0.880770	0.872388
  0.000	  0.000	 45.000	  0.000	1.012002	1.020478	1.020207	1.021330
