BRF Values
LOFT Lazuli 12-Cycle Set - NiTE on Invar - radiometer small FOV
Measurements taken on Mon Sep 13:18:38 by Jacob
BRF values calculated with F:\data\sorted\data_processing_programs\blacklab_rf_calculator_MATLAB\Black_Lab_BRF_v6.m using 0/45 configuration
NIST BRF values linearly interpolated from F:\data\sorted\data_processing_programs\blacklab_rf_calculator_MATLAB\NIST RF files\RSG_working_NIST_standard\NIST_291181-Revised_24477-1-1_0-45_Extended.txt
src_z	src_a	view_z	view_a	385.65nm	630.79nm	852.23nm	1059.04nm
  0.000	  0.000	 45.000	  0.000	0.048490	0.053341	0.055537	0.067507
 10.000	  0.000	 75.000	180.000	0.052564	0.055475	0.062486	0.060203
 10.000	  0.000	 70.000	180.000	0.053170	0.056551	0.064273	0.063911
 10.000	  0.000	 65.000	180.000	0.054476	0.058550	0.065497	0.067800
 10.000	  0.000	 60.000	180.000	0.058012	0.061661	0.069114	0.072548
 10.000	  0.000	 55.000	180.000	0.061551	0.066215	0.073636	0.078592
 10.000	  0.000	 50.000	180.000	0.068114	0.073202	0.080752	0.086691
 10.000	  0.000	 45.000	180.000	0.076482	0.080830	0.088611	0.097156
 10.000	  0.000	 40.000	180.000	0.086248	0.092189	0.098774	0.112962
 10.000	  0.000	 35.000	180.000	0.102262	0.109109	0.114747	0.131876
 10.000	  0.000	 30.000	180.000	0.124986	0.132721	0.138780	0.163491
 10.000	  0.000	 25.000	180.000	0.164522	0.173597	0.181936	0.216058
 10.000	  0.000	 20.000	180.000	0.226628	0.242127	0.252182	0.300243
 10.000	  0.000	 15.000	180.000	0.328643	0.360847	0.372356	0.453596
 10.000	  0.000	 10.000	180.000	0.387285	0.432746	0.459848	0.572378
 10.000	  0.000	  5.000	180.000	0.291167	0.315312	0.325783	0.400368
 10.000	  0.000	  2.000	180.000	0.225060	0.239518	0.246931	0.305369
 10.000	  0.000	 22.000	  0.000	0.065532	0.070137	0.070923	0.092155
 10.000	  0.000	 25.000	  0.000	0.058601	0.063497	0.064067	0.082296
 10.000	  0.000	 30.000	  0.000	0.049490	0.054286	0.054968	0.071564
 10.000	  0.000	 35.000	  0.000	0.042028	0.046912	0.047568	0.061319
 10.000	  0.000	 40.000	  0.000	0.036629	0.040726	0.042263	0.054084
 10.000	  0.000	 45.000	  0.000	0.024696	0.036702	0.037998	0.046986
 10.000	  0.000	 50.000	  0.000	0.022633	0.032889	0.035264	0.042858
 10.000	  0.000	 55.000	  0.000	0.020297	0.029759	0.031631	0.038231
 10.000	  0.000	 60.000	  0.000	0.018729	0.026991	0.028443	0.034163
 10.000	  0.000	 65.000	  0.000	0.016619	0.024910	0.026431	0.031464
 10.000	  0.000	 70.000	  0.000	0.015694	0.023138	0.024472	0.028460
 10.000	  0.000	 75.000	  0.000	0.015373	0.021483	0.022138	0.025181
 30.000	  0.000	 75.000	180.000	0.185791	0.185323	0.211399	0.196239
 30.000	  0.000	 70.000	180.000	0.176191	0.175752	0.202439	0.189800
 30.000	  0.000	 65.000	180.000	0.171355	0.172417	0.198641	0.189525
 30.000	  0.000	 60.000	180.000	0.173876	0.175327	0.204009	0.194041
 30.000	  0.000	 55.000	180.000	0.184430	0.186502	0.213908	0.208528
 30.000	  0.000	 50.000	180.000	0.207029	0.210897	0.240715	0.236659
 30.000	  0.000	 45.000	180.000	0.251484	0.259689	0.294584	0.294409
 30.000	  0.000	 40.000	180.000	0.326257	0.344287	0.387672	0.392031
 30.000	  0.000	 35.000	180.000	0.456654	0.495638	0.551020	0.573000
 30.000	  0.000	 30.000	180.000	0.515151	0.576280	0.673330	0.710296
 30.000	  0.000	 25.000	180.000	0.372149	0.396554	0.435458	0.473469
 30.000	  0.000	 20.000	180.000	0.232192	0.242918	0.260483	0.292915
 30.000	  0.000	 15.000	180.000	0.155878	0.164904	0.172986	0.201064
 30.000	  0.000	 10.000	180.000	0.116187	0.123416	0.127611	0.153602
 30.000	  0.000	  5.000	180.000	0.090860	0.098709	0.101840	0.124512
 30.000	  0.000	  0.000	  0.000	0.074135	0.080450	0.082612	0.101404
 30.000	  0.000	  5.000	  0.000	0.060520	0.066557	0.068069	0.086007
 30.000	  0.000	 10.000	  0.000	0.049313	0.054969	0.056318	0.070994
 30.000	  0.000	 15.000	  0.000	0.040266	0.046440	0.047497	0.060549
 30.000	  0.000	 18.000	  0.000	0.030357	0.041699	0.043055	0.054234
 30.000	  0.000	 42.000	  0.000	0.014182	0.020252	0.021422	0.027588
 30.000	  0.000	 45.000	  0.000	0.013140	0.018245	0.019772	0.025889
 30.000	  0.000	 50.000	  0.000	0.011658	0.016611	0.017961	0.022707
 30.000	  0.000	 55.000	  0.000	0.010596	0.015062	0.016354	0.020848
 30.000	  0.000	 60.000	  0.000	0.009647	0.013388	0.014617	0.018528
 30.000	  0.000	 65.000	  0.000	0.008844	0.012420	0.013338	0.016510
 30.000	  0.000	 70.000	  0.000	0.007842	0.010977	0.011739	0.014472
 30.000	  0.000	 75.000	  0.000	0.007318	0.009732	0.010071	0.011634
 50.000	  0.000	 75.000	180.000	0.914393	0.892816	0.986127	0.936292
 50.000	  0.000	 70.000	180.000	0.836667	0.813885	0.915391	0.853552
 50.000	  0.000	 65.000	180.000	0.846658	0.824849	0.936575	0.882505
 50.000	  0.000	 60.000	180.000	0.948898	0.933607	1.087734	1.021122
 50.000	  0.000	 55.000	180.000	1.172126	1.177885	1.434186	1.360452
 50.000	  0.000	 50.000	180.000	1.202751	1.292966	1.618013	1.540336
 50.000	  0.000	 45.000	180.000	0.773303	0.793231	0.942169	0.895129
 50.000	  0.000	 40.000	180.000	0.436411	0.439878	0.511883	0.494369
 50.000	  0.000	 35.000	180.000	0.276303	0.281430	0.317476	0.315905
 50.000	  0.000	 30.000	180.000	0.193116	0.196551	0.222626	0.224378
 50.000	  0.000	 25.000	180.000	0.143136	0.150287	0.167094	0.176141
 50.000	  0.000	 20.000	180.000	0.111221	0.118179	0.130480	0.139732
 50.000	  0.000	 15.000	180.000	0.086732	0.093925	0.102253	0.114034
 50.000	  0.000	 10.000	180.000	0.067010	0.075612	0.080463	0.091819
 50.000	  0.000	  5.000	180.000	0.043573	0.060641	0.065313	0.075678
 50.000	  0.000	  0.000	  0.000	0.033210	0.048729	0.052229	0.061718
 50.000	  0.000	  5.000	  0.000	0.026109	0.040206	0.042592	0.051012
 50.000	  0.000	 10.000	  0.000	0.022614	0.033461	0.035966	0.043127
 50.000	  0.000	 15.000	  0.000	0.019442	0.027521	0.029322	0.036372
 50.000	  0.000	 20.000	  0.000	0.015672	0.023080	0.024415	0.030738
 50.000	  0.000	 25.000	  0.000	0.013304	0.019502	0.020899	0.026565
 50.000	  0.000	 30.000	  0.000	0.011603	0.016739	0.018470	0.023432
 50.000	  0.000	 35.000	  0.000	0.010063	0.015255	0.016749	0.021533
 50.000	  0.000	 38.000	  0.000	0.008936	0.013795	0.015147	0.019318
 50.000	  0.000	 62.000	  0.000	0.005356	0.008473	0.009426	0.012486
 50.000	  0.000	 65.000	  0.000	0.005332	0.007968	0.009015	0.011961
 50.000	  0.000	 70.000	  0.000	0.005191	0.007144	0.007724	0.010318
 50.000	  0.000	 75.000	  0.000	0.004559	0.006144	0.006564	0.008289
 70.000	  0.000	 75.000	180.000	9.624697	6.748663	13.375987	6.111053
 70.000	  0.000	 70.000	180.000	9.622289	6.748928	12.898802	6.111271
 70.000	  0.000	 65.000	180.000	5.157687	5.386391	5.745453	5.519096
 70.000	  0.000	 60.000	180.000	2.395567	2.389408	2.600114	2.466729
 70.000	  0.000	 55.000	180.000	1.287517	1.260713	1.378272	1.309686
 70.000	  0.000	 50.000	180.000	0.781053	0.769175	0.857187	0.803295
 70.000	  0.000	 45.000	180.000	0.517769	0.512851	0.578387	0.547827
 70.000	  0.000	 40.000	180.000	0.353986	0.355582	0.405900	0.374616
 70.000	  0.000	 35.000	180.000	0.248872	0.252830	0.284807	0.274855
 70.000	  0.000	 30.000	180.000	0.176078	0.183371	0.208109	0.202949
 70.000	  0.000	 25.000	180.000	0.126145	0.137626	0.154826	0.152902
 70.000	  0.000	 20.000	180.000	0.070593	0.101821	0.114489	0.116967
 70.000	  0.000	 15.000	180.000	0.051982	0.077786	0.087090	0.091150
 70.000	  0.000	 10.000	180.000	0.041276	0.061220	0.066921	0.071056
 70.000	  0.000	  5.000	180.000	0.032602	0.047480	0.051838	0.057769
 70.000	  0.000	  0.000	  0.000	0.025326	0.036903	0.040429	0.045429
 70.000	  0.000	  5.000	  0.000	0.020583	0.029212	0.031897	0.037063
 70.000	  0.000	 10.000	  0.000	0.016916	0.023927	0.025542	0.031026
 70.000	  0.000	 15.000	  0.000	0.013889	0.020214	0.021525	0.025752
 70.000	  0.000	 20.000	  0.000	0.012164	0.016134	0.017909	0.021812
 70.000	  0.000	 25.000	  0.000	0.009906	0.013689	0.015586	0.019500
 70.000	  0.000	 30.000	  0.000	0.008346	0.011731	0.013527	0.016984
 70.000	  0.000	 35.000	  0.000	0.007099	0.010535	0.012453	0.016046
 70.000	  0.000	 40.000	  0.000	0.006592	0.009291	0.012089	0.015894
 70.000	  0.000	 45.000	  0.000	0.005655	0.009031	0.012475	0.016539
 70.000	  0.000	 50.000	  0.000	0.004983	0.009021	0.014119	0.019311
 70.000	  0.000	 55.000	  0.000	0.004888	0.009575	0.017303	0.024325
 70.000	  0.000	 58.000	  0.000	0.001870	0.007011	0.008518	0.012130
  0.000	  0.000	 45.000	  0.000	0.048345	0.053363	0.055454	0.067418
