Jacob K	Mon Sep 14 14:07:48 2026
LOFT Lazuli 12-Cycle Set - NiTE on Invar - radiometer small FOV
1059.04 nanometers
114
  45.000	   0.000	   0.000	   0.000	0.358988	0.001087	 0.303
  85.000	  10.000	   0.000	 180.000	0.315279	0.000693	 0.220
  80.000	  10.000	   0.000	 180.000	0.334702	0.000900	 0.269
  75.000	  10.000	   0.000	 180.000	0.355067	0.000760	 0.214
  70.000	  10.000	   0.000	 180.000	0.379930	0.000949	 0.250
  65.000	  10.000	   0.000	 180.000	0.411584	0.000654	 0.159
  60.000	  10.000	   0.000	 180.000	0.453997	0.001332	 0.293
  55.000	  10.000	   0.000	 180.000	0.508805	0.001442	 0.283
  50.000	  10.000	   0.000	 180.000	0.591577	0.002061	 0.348
  45.000	  10.000	   0.000	 180.000	0.690631	0.001051	 0.152
  40.000	  10.000	   0.000	 180.000	0.856200	0.002449	 0.286
  35.000	  10.000	   0.000	 180.000	1.131491	0.002133	 0.189
  30.000	  10.000	   0.000	 180.000	1.572362	0.003166	 0.201
  25.000	  10.000	   0.000	 180.000	2.375468	0.004397	 0.185
  20.000	  10.000	   0.000	 180.000	2.997529	0.006766	 0.226
  15.000	  10.000	   0.000	 180.000	2.096718	0.006831	 0.326
  12.000	  10.000	   0.000	 180.000	1.599209	0.005074	 0.317
  12.000	 -10.000	   0.000	   0.000	0.482614	0.001473	 0.305
  15.000	 -10.000	   0.000	   0.000	0.430984	0.001234	 0.286
  20.000	 -10.000	   0.000	   0.000	0.374777	0.000809	 0.216
  25.000	 -10.000	   0.000	   0.000	0.321128	0.001141	 0.355
  30.000	 -10.000	   0.000	   0.000	0.283237	0.000785	 0.277
  35.000	 -10.000	   0.000	   0.000	0.246064	0.000548	 0.223
  40.000	 -10.000	   0.000	   0.000	0.224446	0.000391	 0.174
  45.000	 -10.000	   0.000	   0.000	0.200217	0.000614	 0.307
  50.000	 -10.000	   0.000	   0.000	0.178912	0.000489	 0.274
  55.000	 -10.000	   0.000	   0.000	0.164777	0.000560	 0.340
  60.000	 -10.000	   0.000	   0.000	0.149042	0.000446	 0.299
  65.000	 -10.000	   0.000	   0.000	0.131870	0.000388	 0.294
 105.000	  30.000	   0.000	 180.000	0.903743	0.002762	 0.306
 100.000	  30.000	   0.000	 180.000	0.874087	0.001128	 0.129
  95.000	  30.000	   0.000	 180.000	0.872822	0.002006	 0.230
  90.000	  30.000	   0.000	 180.000	0.893618	0.003287	 0.368
  85.000	  30.000	   0.000	 180.000	0.960337	0.002949	 0.307
  80.000	  30.000	   0.000	 180.000	1.089891	0.002152	 0.197
  75.000	  30.000	   0.000	 180.000	1.355846	0.002552	 0.188
  70.000	  30.000	   0.000	 180.000	1.805426	0.003943	 0.218
  65.000	  30.000	   0.000	 180.000	2.638845	0.006186	 0.234
  60.000	  30.000	   0.000	 180.000	3.271139	0.007653	 0.234
  55.000	  30.000	   0.000	 180.000	2.180476	0.005053	 0.232
  50.000	  30.000	   0.000	 180.000	1.348966	0.003081	 0.228
  45.000	  30.000	   0.000	 180.000	0.925965	0.005069	 0.547
  40.000	  30.000	   0.000	 180.000	0.707387	0.001506	 0.213
  35.000	  30.000	   0.000	 180.000	0.573419	0.001342	 0.234
  30.000	  30.000	   0.000	 180.000	0.466997	0.001521	 0.326
  25.000	  30.000	   0.000	 180.000	0.396090	0.001286	 0.325
  20.000	  30.000	   0.000	 180.000	0.326948	0.001415	 0.433
  15.000	  30.000	   0.000	 180.000	0.278848	0.000560	 0.201
  12.000	  30.000	   0.000	 180.000	0.249764	0.000866	 0.347
  12.000	 -30.000	   0.000	   0.000	0.127051	0.000303	 0.239
  15.000	 -30.000	   0.000	   0.000	0.119225	0.000369	 0.309
  20.000	 -30.000	   0.000	   0.000	0.104573	0.000376	 0.359
  25.000	 -30.000	   0.000	   0.000	0.096013	0.000313	 0.326
  30.000	 -30.000	   0.000	   0.000	0.085329	0.000277	 0.325
  35.000	 -30.000	   0.000	   0.000	0.076032	0.000235	 0.309
  40.000	 -30.000	   0.000	   0.000	0.066648	0.000264	 0.396
  45.000	 -30.000	   0.000	   0.000	0.053577	0.000254	 0.473
 125.000	  50.000	   0.000	 180.000	3.200425	0.011081	 0.346
 120.000	  50.000	   0.000	 180.000	2.917602	0.005417	 0.186
 115.000	  50.000	   0.000	 180.000	3.016572	0.007819	 0.259
 110.000	  50.000	   0.000	 180.000	3.490389	0.013115	 0.376
 105.000	  50.000	   0.000	 180.000	4.650283	0.010901	 0.234
 100.000	  50.000	   0.000	 180.000	5.265161	0.010178	 0.193
  95.000	  50.000	   0.000	 180.000	3.059722	0.010535	 0.344
  90.000	  50.000	   0.000	 180.000	1.689849	0.004304	 0.255
  85.000	  50.000	   0.000	 180.000	1.079823	0.003360	 0.311
  80.000	  50.000	   0.000	 180.000	0.766968	0.002290	 0.299
  75.000	  50.000	   0.000	 180.000	0.602084	0.001542	 0.256
  70.000	  50.000	   0.000	 180.000	0.477632	0.001384	 0.290
  65.000	  50.000	   0.000	 180.000	0.389789	0.001609	 0.413
  60.000	  50.000	   0.000	 180.000	0.313854	0.000895	 0.285
  55.000	  50.000	   0.000	 180.000	0.258681	0.000661	 0.256
  50.000	  50.000	   0.000	 180.000	0.210963	0.000504	 0.239
  45.000	  50.000	   0.000	 180.000	0.174368	0.000530	 0.304
  40.000	  50.000	   0.000	 180.000	0.147416	0.000444	 0.301
  35.000	  50.000	   0.000	 180.000	0.124326	0.000497	 0.400
  30.000	  50.000	   0.000	 180.000	0.105070	0.000400	 0.381
  25.000	  50.000	   0.000	 180.000	0.090803	0.000375	 0.413
  20.000	  50.000	   0.000	 180.000	0.080095	0.000208	 0.260
  15.000	  50.000	   0.000	 180.000	0.073605	0.000262	 0.357
  12.000	  50.000	   0.000	 180.000	0.066034	0.000272	 0.412
  12.000	 -50.000	   0.000	   0.000	0.042679	0.000291	 0.682
  15.000	 -50.000	   0.000	   0.000	0.040885	0.000217	 0.530
  20.000	 -50.000	   0.000	   0.000	0.035268	0.000213	 0.603
  25.000	 -50.000	   0.000	   0.000	0.028332	0.000191	 0.674
 145.000	  70.000	   0.000	 180.000	11.114670	0.001979	 0.018
 140.000	  70.000	   0.000	 180.000	11.115065	0.001979	 0.018
 135.000	  70.000	   0.000	 180.000	10.038029	0.021071	 0.210
 130.000	  70.000	   0.000	 180.000	4.486440	0.011144	 0.248
 125.000	  70.000	   0.000	 180.000	2.382032	0.008886	 0.373
 120.000	  70.000	   0.000	 180.000	1.461018	0.006166	 0.422
 115.000	  70.000	   0.000	 180.000	0.996378	0.003520	 0.353
 110.000	  70.000	   0.000	 180.000	0.681344	0.002575	 0.378
 105.000	  70.000	   0.000	 180.000	0.499901	0.002171	 0.434
 100.000	  70.000	   0.000	 180.000	0.369120	0.000756	 0.205
  95.000	  70.000	   0.000	 180.000	0.278096	0.001120	 0.403
  90.000	  70.000	   0.000	 180.000	0.212737	0.000484	 0.227
  85.000	  70.000	   0.000	 180.000	0.165782	0.000578	 0.348
  80.000	  70.000	   0.000	 180.000	0.129236	0.000446	 0.345
  75.000	  70.000	   0.000	 180.000	0.105069	0.000642	 0.611
  70.000	  70.000	   0.000	 180.000	0.082626	0.000269	 0.325
  65.000	  70.000	   0.000	 180.000	0.067410	0.000269	 0.399
  60.000	  70.000	   0.000	 180.000	0.056429	0.000306	 0.542
  55.000	  70.000	   0.000	 180.000	0.046838	0.000184	 0.393
  50.000	  70.000	   0.000	 180.000	0.039671	0.000145	 0.366
  45.000	  70.000	   0.000	 180.000	0.035466	0.000186	 0.524
  40.000	  70.000	   0.000	 180.000	0.030890	0.000153	 0.494
  35.000	  70.000	   0.000	 180.000	0.029185	0.000197	 0.674
  30.000	  70.000	   0.000	 180.000	0.028907	0.000138	 0.478
  25.000	  70.000	   0.000	 180.000	0.030081	0.000175	 0.583
  20.000	  70.000	   0.000	 180.000	0.035122	0.000187	 0.532
  15.000	  70.000	   0.000	 180.000	0.044241	0.000137	 0.309
  12.000	  70.000	   0.000	 180.000	0.022061	0.000114	 0.515
  45.000	   0.000	   0.000	   0.000	0.358513	0.000684	 0.191
1.0000	1059.04	8.000	10
-0.002443 +- 0.000054 = dark 1
-0.002272 +- 0.000091 = dark 2
 0.000171 = dark 2 - dark 1
11 = filter number
