Jacob K	Mon Sep 14 13:18:38 2026
LOFT Lazuli 12-Cycle Set - NiTE on Invar - radiometer small FOV
 385.65 nanometers
114
  45.000	   0.000	   0.000	   0.000	0.163784	0.001623	 0.991
  85.000	  10.000	   0.000	 180.000	0.174848	0.001694	 0.969
  80.000	  10.000	   0.000	 180.000	0.176863	0.001516	 0.857
  75.000	  10.000	   0.000	 180.000	0.181206	0.001402	 0.774
  70.000	  10.000	   0.000	 180.000	0.192969	0.002734	 1.417
  65.000	  10.000	   0.000	 180.000	0.204743	0.001436	 0.702
  60.000	  10.000	   0.000	 180.000	0.226573	0.001845	 0.814
  55.000	  10.000	   0.000	 180.000	0.254409	0.001469	 0.577
  50.000	  10.000	   0.000	 180.000	0.286892	0.001744	 0.608
  45.000	  10.000	   0.000	 180.000	0.340163	0.001412	 0.415
  40.000	  10.000	   0.000	 180.000	0.415749	0.002239	 0.539
  35.000	  10.000	   0.000	 180.000	0.547261	0.002461	 0.450
  30.000	  10.000	   0.000	 180.000	0.753849	0.003298	 0.437
  25.000	  10.000	   0.000	 180.000	1.093189	0.003179	 0.291
  20.000	  10.000	   0.000	 180.000	1.288254	0.006191	 0.481
  15.000	  10.000	   0.000	 180.000	0.968531	0.002997	 0.309
  12.000	  10.000	   0.000	 180.000	0.748632	0.003742	 0.500
  12.000	 -10.000	   0.000	   0.000	0.217983	0.001784	 0.818
  15.000	 -10.000	   0.000	   0.000	0.194929	0.002317	 1.189
  20.000	 -10.000	   0.000	   0.000	0.164623	0.001971	 1.198
  25.000	 -10.000	   0.000	   0.000	0.139800	0.001355	 0.969
  30.000	 -10.000	   0.000	   0.000	0.121843	0.001966	 1.614
  35.000	 -10.000	   0.000	   0.000	0.082148	0.001112	 1.353
  40.000	 -10.000	   0.000	   0.000	0.075287	0.007531	10.003
  45.000	 -10.000	   0.000	   0.000	0.067516	0.006086	 9.014
  50.000	 -10.000	   0.000	   0.000	0.062299	0.007689	12.343
  55.000	 -10.000	   0.000	   0.000	0.055282	0.001092	 1.975
  60.000	 -10.000	   0.000	   0.000	0.052203	0.000969	 1.856
  65.000	 -10.000	   0.000	   0.000	0.051135	0.005013	 9.803
 105.000	  30.000	   0.000	 180.000	0.543468	0.002126	 0.391
 100.000	  30.000	   0.000	 180.000	0.515388	0.002552	 0.495
  95.000	  30.000	   0.000	 180.000	0.501242	0.002015	 0.402
  90.000	  30.000	   0.000	 180.000	0.508615	0.002746	 0.540
  85.000	  30.000	   0.000	 180.000	0.539487	0.002435	 0.451
  80.000	  30.000	   0.000	 180.000	0.605595	0.002326	 0.384
  75.000	  30.000	   0.000	 180.000	0.735631	0.003907	 0.531
  70.000	  30.000	   0.000	 180.000	0.954355	0.002908	 0.305
  65.000	  30.000	   0.000	 180.000	1.335788	0.004789	 0.359
  60.000	  30.000	   0.000	 180.000	1.506901	0.005968	 0.396
  55.000	  30.000	   0.000	 180.000	1.088595	0.002165	 0.199
  50.000	  30.000	   0.000	 180.000	0.679200	0.002334	 0.344
  45.000	  30.000	   0.000	 180.000	0.455969	0.001985	 0.435
  40.000	  30.000	   0.000	 180.000	0.339866	0.001744	 0.513
  35.000	  30.000	   0.000	 180.000	0.265779	0.002075	 0.781
  30.000	  30.000	   0.000	 180.000	0.216856	0.002209	 1.019
  25.000	  30.000	   0.000	 180.000	0.177032	0.001431	 0.808
  20.000	  30.000	   0.000	 180.000	0.144249	0.001663	 1.153
  15.000	  30.000	   0.000	 180.000	0.117786	0.001161	 0.986
  12.000	  30.000	   0.000	 180.000	0.088800	0.006900	 7.770
  12.000	 -30.000	   0.000	   0.000	0.041484	0.001789	 4.313
  15.000	 -30.000	   0.000	   0.000	0.038437	0.001738	 4.523
  20.000	 -30.000	   0.000	   0.000	0.034102	0.001477	 4.332
  25.000	 -30.000	   0.000	   0.000	0.030994	0.001177	 3.798
  30.000	 -30.000	   0.000	   0.000	0.028220	0.001415	 5.015
  35.000	 -30.000	   0.000	   0.000	0.025869	0.001315	 5.084
  40.000	 -30.000	   0.000	   0.000	0.022938	0.002043	 8.905
  45.000	 -30.000	   0.000	   0.000	0.021405	0.001216	 5.680
 125.000	  50.000	   0.000	 180.000	1.985271	0.007273	 0.366
 120.000	  50.000	   0.000	 180.000	1.816517	0.006775	 0.373
 115.000	  50.000	   0.000	 180.000	1.838210	0.008745	 0.476
 110.000	  50.000	   0.000	 180.000	2.060185	0.008043	 0.390
 105.000	  50.000	   0.000	 180.000	2.544844	0.009253	 0.364
 100.000	  50.000	   0.000	 180.000	2.611336	0.005384	 0.206
  95.000	  50.000	   0.000	 180.000	1.678946	0.004110	 0.245
  90.000	  50.000	   0.000	 180.000	0.947507	0.003404	 0.359
  85.000	  50.000	   0.000	 180.000	0.599892	0.002138	 0.356
  80.000	  50.000	   0.000	 180.000	0.419282	0.002074	 0.495
  75.000	  50.000	   0.000	 180.000	0.310767	0.001670	 0.537
  70.000	  50.000	   0.000	 180.000	0.241476	0.002069	 0.857
  65.000	  50.000	   0.000	 180.000	0.188307	0.001631	 0.866
  60.000	  50.000	   0.000	 180.000	0.145488	0.001326	 0.911
  55.000	  50.000	   0.000	 180.000	0.094603	0.014592	15.425
  50.000	  50.000	   0.000	 180.000	0.072103	0.007249	10.053
  45.000	  50.000	   0.000	 180.000	0.056686	0.001036	 1.828
  40.000	  50.000	   0.000	 180.000	0.049099	0.003640	 7.415
  35.000	  50.000	   0.000	 180.000	0.042212	0.002972	 7.040
  30.000	  50.000	   0.000	 180.000	0.034026	0.001502	 4.415
  25.000	  50.000	   0.000	 180.000	0.028885	0.001327	 4.594
  20.000	  50.000	   0.000	 180.000	0.025192	0.001244	 4.939
  15.000	  50.000	   0.000	 180.000	0.021848	0.001681	 7.696
  12.000	  50.000	   0.000	 180.000	0.019402	0.001298	 6.689
  12.000	 -50.000	   0.000	   0.000	0.011629	0.001390	11.954
  15.000	 -50.000	   0.000	   0.000	0.011576	0.001031	 8.910
  20.000	 -50.000	   0.000	   0.000	0.011270	0.001305	11.581
  25.000	 -50.000	   0.000	   0.000	0.009899	0.001206	12.179
 145.000	  70.000	   0.000	 180.000	11.118806	0.002708	 0.024
 140.000	  70.000	   0.000	 180.000	11.116025	0.002676	 0.024
 135.000	  70.000	   0.000	 180.000	5.958351	0.035306	 0.593
 130.000	  70.000	   0.000	 180.000	2.767448	0.017552	 0.634
 125.000	  70.000	   0.000	 180.000	1.487387	0.004641	 0.312
 120.000	  70.000	   0.000	 180.000	0.902301	0.003750	 0.416
 115.000	  70.000	   0.000	 180.000	0.598146	0.002097	 0.351
 110.000	  70.000	   0.000	 180.000	0.408938	0.001701	 0.416
 105.000	  70.000	   0.000	 180.000	0.287506	0.001576	 0.548
 100.000	  70.000	   0.000	 180.000	0.203412	0.001429	 0.703
  95.000	  70.000	   0.000	 180.000	0.145727	0.001784	 1.224
  90.000	  70.000	   0.000	 180.000	0.081552	0.009273	11.370
  85.000	  70.000	   0.000	 180.000	0.060051	0.001197	 1.992
  80.000	  70.000	   0.000	 180.000	0.047683	0.003479	 7.295
  75.000	  70.000	   0.000	 180.000	0.037663	0.002398	 6.367
  70.000	  70.000	   0.000	 180.000	0.029257	0.001150	 3.932
  65.000	  70.000	   0.000	 180.000	0.023778	0.001926	 8.098
  60.000	  70.000	   0.000	 180.000	0.019542	0.001238	 6.335
  55.000	  70.000	   0.000	 180.000	0.016045	0.001401	 8.729
  50.000	  70.000	   0.000	 180.000	0.014052	0.001075	 7.648
  45.000	  70.000	   0.000	 180.000	0.011444	0.001201	10.493
  40.000	  70.000	   0.000	 180.000	0.009642	0.001193	12.375
  35.000	  70.000	   0.000	 180.000	0.008201	0.001096	13.365
  30.000	  70.000	   0.000	 180.000	0.007615	0.001236	16.230
  25.000	  70.000	   0.000	 180.000	0.006533	0.001484	22.718
  20.000	  70.000	   0.000	 180.000	0.005757	0.001364	23.701
  15.000	  70.000	   0.000	 180.000	0.005647	0.001340	23.730
  12.000	  70.000	   0.000	 180.000	0.002160	0.001491	69.014
  45.000	   0.000	   0.000	   0.000	0.163293	0.001388	 0.850
1.0000	 385.65	8.000	11
-0.013335 +- 0.000687 = dark 1
-0.011960 +- 0.000710 = dark 2
 0.001375 = dark 2 - dark 1
7 = filter number
