Jacob K	Mon Sep 14 12:54:06 2026
LOFT Lazuli 12-Cycle Set - NiTE on Invar - radiometer small FOV
 630.79 nanometers
114
  45.000	   0.000	   0.000	   0.000	0.256871	0.000766	 0.298
  85.000	  10.000	   0.000	 180.000	0.263089	0.000540	 0.205
  80.000	  10.000	   0.000	 180.000	0.268190	0.000772	 0.288
  75.000	  10.000	   0.000	 180.000	0.277669	0.000473	 0.170
  70.000	  10.000	   0.000	 180.000	0.292425	0.001090	 0.373
  65.000	  10.000	   0.000	 180.000	0.314020	0.000583	 0.186
  60.000	  10.000	   0.000	 180.000	0.347158	0.000726	 0.209
  55.000	  10.000	   0.000	 180.000	0.383331	0.000834	 0.217
  50.000	  10.000	   0.000	 180.000	0.437205	0.001832	 0.419
  45.000	  10.000	   0.000	 180.000	0.517444	0.001308	 0.253
  40.000	  10.000	   0.000	 180.000	0.629422	0.001669	 0.265
  35.000	  10.000	   0.000	 180.000	0.823279	0.003450	 0.419
  30.000	  10.000	   0.000	 180.000	1.148280	0.001963	 0.171
  25.000	  10.000	   0.000	 180.000	1.711302	0.006107	 0.357
  20.000	  10.000	   0.000	 180.000	2.052280	0.004391	 0.214
  15.000	  10.000	   0.000	 180.000	1.495356	0.004128	 0.276
  12.000	  10.000	   0.000	 180.000	1.135907	0.003012	 0.265
  12.000	 -10.000	   0.000	   0.000	0.332624	0.001109	 0.334
  15.000	 -10.000	   0.000	   0.000	0.301134	0.000949	 0.315
  20.000	 -10.000	   0.000	   0.000	0.257450	0.000997	 0.387
  25.000	 -10.000	   0.000	   0.000	0.222476	0.000594	 0.267
  30.000	 -10.000	   0.000	   0.000	0.193143	0.000518	 0.268
  35.000	 -10.000	   0.000	   0.000	0.174056	0.000649	 0.373
  40.000	 -10.000	   0.000	   0.000	0.155974	0.000404	 0.259
  45.000	 -10.000	   0.000	   0.000	0.141132	0.000522	 0.370
  50.000	 -10.000	   0.000	   0.000	0.128002	0.000343	 0.268
  55.000	 -10.000	   0.000	   0.000	0.118137	0.000422	 0.357
  60.000	 -10.000	   0.000	   0.000	0.109729	0.000223	 0.203
  65.000	 -10.000	   0.000	   0.000	0.101883	0.000390	 0.383
 105.000	  30.000	   0.000	 180.000	0.772882	0.002067	 0.267
 100.000	  30.000	   0.000	 180.000	0.732966	0.002576	 0.351
  95.000	  30.000	   0.000	 180.000	0.719057	0.002252	 0.313
  90.000	  30.000	   0.000	 180.000	0.731191	0.002235	 0.306
  85.000	  30.000	   0.000	 180.000	0.777796	0.002614	 0.336
  80.000	  30.000	   0.000	 180.000	0.879537	0.002236	 0.254
  75.000	  30.000	   0.000	 180.000	1.083021	0.003381	 0.312
  70.000	  30.000	   0.000	 180.000	1.435831	0.004682	 0.326
  65.000	  30.000	   0.000	 180.000	2.067034	0.006571	 0.318
  60.000	  30.000	   0.000	 180.000	2.403347	0.008632	 0.359
  55.000	  30.000	   0.000	 180.000	1.653810	0.007892	 0.477
  50.000	  30.000	   0.000	 180.000	1.013077	0.002891	 0.285
  45.000	  30.000	   0.000	 180.000	0.687724	0.002201	 0.320
  40.000	  30.000	   0.000	 180.000	0.514701	0.002737	 0.532
  35.000	  30.000	   0.000	 180.000	0.411660	0.001495	 0.363
  30.000	  30.000	   0.000	 180.000	0.335511	0.001029	 0.307
  25.000	  30.000	   0.000	 180.000	0.277574	0.001049	 0.378
  20.000	  30.000	   0.000	 180.000	0.229246	0.000747	 0.326
  15.000	  30.000	   0.000	 180.000	0.193674	0.000462	 0.238
  12.000	  30.000	   0.000	 180.000	0.173905	0.000424	 0.244
  12.000	 -30.000	   0.000	   0.000	0.084460	0.000273	 0.324
  15.000	 -30.000	   0.000	   0.000	0.076088	0.000234	 0.308
  20.000	 -30.000	   0.000	   0.000	0.069275	0.000226	 0.326
  25.000	 -30.000	   0.000	   0.000	0.062816	0.000350	 0.556
  30.000	 -30.000	   0.000	   0.000	0.055834	0.000248	 0.445
  35.000	 -30.000	   0.000	   0.000	0.051798	0.000160	 0.309
  40.000	 -30.000	   0.000	   0.000	0.045778	0.000200	 0.436
  45.000	 -30.000	   0.000	   0.000	0.040587	0.000194	 0.478
 125.000	  50.000	   0.000	 180.000	2.763643	0.005572	 0.202
 120.000	  50.000	   0.000	 180.000	2.519318	0.009843	 0.391
 115.000	  50.000	   0.000	 180.000	2.553257	0.005495	 0.215
 110.000	  50.000	   0.000	 180.000	2.889907	0.009686	 0.335
 105.000	  50.000	   0.000	 180.000	3.646050	0.009697	 0.266
 100.000	  50.000	   0.000	 180.000	4.002276	0.008175	 0.204
  95.000	  50.000	   0.000	 180.000	2.455385	0.009701	 0.395
  90.000	  50.000	   0.000	 180.000	1.361607	0.004226	 0.310
  85.000	  50.000	   0.000	 180.000	0.871144	0.002374	 0.273
  80.000	  50.000	   0.000	 180.000	0.608407	0.002068	 0.340
  75.000	  50.000	   0.000	 180.000	0.465203	0.001042	 0.224
  70.000	  50.000	   0.000	 180.000	0.365814	0.001301	 0.356
  65.000	  50.000	   0.000	 180.000	0.290738	0.001579	 0.543
  60.000	  50.000	   0.000	 180.000	0.234050	0.001067	 0.456
  55.000	  50.000	   0.000	 180.000	0.187709	0.000916	 0.488
  50.000	  50.000	   0.000	 180.000	0.150837	0.000543	 0.360
  45.000	  50.000	   0.000	 180.000	0.124456	0.000375	 0.301
  40.000	  50.000	   0.000	 180.000	0.103576	0.000447	 0.432
  35.000	  50.000	   0.000	 180.000	0.085188	0.000416	 0.489
  30.000	  50.000	   0.000	 180.000	0.071442	0.000278	 0.390
  25.000	  50.000	   0.000	 180.000	0.060368	0.000211	 0.349
  20.000	  50.000	   0.000	 180.000	0.051814	0.000268	 0.517
  15.000	  50.000	   0.000	 180.000	0.047222	0.000187	 0.395
  12.000	  50.000	   0.000	 180.000	0.042702	0.000194	 0.453
  12.000	 -50.000	   0.000	   0.000	0.026227	0.000205	 0.783
  15.000	 -50.000	   0.000	   0.000	0.024663	0.000186	 0.755
  20.000	 -50.000	   0.000	   0.000	0.022113	0.000158	 0.713
  25.000	 -50.000	   0.000	   0.000	0.019019	0.000182	 0.958
 145.000	  70.000	   0.000	 180.000	11.115315	0.001986	 0.018
 140.000	  70.000	   0.000	 180.000	11.115752	0.001987	 0.018
 135.000	  70.000	   0.000	 180.000	8.871599	0.021236	 0.239
 130.000	  70.000	   0.000	 180.000	3.935449	0.013350	 0.339
 125.000	  70.000	   0.000	 180.000	2.076444	0.003039	 0.146
 120.000	  70.000	   0.000	 180.000	1.266861	0.005925	 0.468
 115.000	  70.000	   0.000	 180.000	0.844686	0.002543	 0.301
 110.000	  70.000	   0.000	 180.000	0.585658	0.001601	 0.273
 105.000	  70.000	   0.000	 180.000	0.416421	0.001353	 0.325
 100.000	  70.000	   0.000	 180.000	0.302020	0.001267	 0.420
  95.000	  70.000	   0.000	 180.000	0.226676	0.000770	 0.340
  90.000	  70.000	   0.000	 180.000	0.167703	0.000583	 0.348
  85.000	  70.000	   0.000	 180.000	0.128117	0.000432	 0.337
  80.000	  70.000	   0.000	 180.000	0.100832	0.000265	 0.263
  75.000	  70.000	   0.000	 180.000	0.078202	0.000259	 0.332
  70.000	  70.000	   0.000	 180.000	0.060781	0.000373	 0.614
  65.000	  70.000	   0.000	 180.000	0.048114	0.000250	 0.519
  60.000	  70.000	   0.000	 180.000	0.039408	0.000300	 0.760
  55.000	  70.000	   0.000	 180.000	0.033293	0.000249	 0.749
  50.000	  70.000	   0.000	 180.000	0.026573	0.000180	 0.677
  45.000	  70.000	   0.000	 180.000	0.022547	0.000251	 1.111
  40.000	  70.000	   0.000	 180.000	0.019321	0.000127	 0.656
  35.000	  70.000	   0.000	 180.000	0.017352	0.000179	 1.032
  30.000	  70.000	   0.000	 180.000	0.015303	0.000194	 1.265
  25.000	  70.000	   0.000	 180.000	0.014874	0.000178	 1.196
  20.000	  70.000	   0.000	 180.000	0.014858	0.000138	 0.930
  15.000	  70.000	   0.000	 180.000	0.015771	0.000148	 0.942
  12.000	  70.000	   0.000	 180.000	0.011548	0.000168	 1.453
  45.000	   0.000	   0.000	   0.000	0.256977	0.001016	 0.395
1.0000	 630.79	8.000	10
-0.003178 +- 0.000088 = dark 1
-0.002582 +- 0.000072 = dark 2
 0.000596 = dark 2 - dark 1
4 = filter number
