Jacob K	Mon Sep 14 13:43:21 2026
LOFT Lazuli 12-Cycle Set - NiTE on Invar - radiometer small FOV
 852.23 nanometers
114
  45.000	   0.000	   0.000	   0.000	0.057114	0.000161	 0.282
  85.000	  10.000	   0.000	 180.000	0.063284	0.000200	 0.316
  80.000	  10.000	   0.000	 180.000	0.065093	0.000165	 0.253
  75.000	  10.000	   0.000	 180.000	0.066333	0.000291	 0.439
  70.000	  10.000	   0.000	 180.000	0.069996	0.000105	 0.150
  65.000	  10.000	   0.000	 180.000	0.074576	0.000149	 0.200
  60.000	  10.000	   0.000	 180.000	0.081783	0.000315	 0.385
  55.000	  10.000	   0.000	 180.000	0.089742	0.000212	 0.236
  50.000	  10.000	   0.000	 180.000	0.100035	0.000210	 0.210
  45.000	  10.000	   0.000	 180.000	0.116212	0.000276	 0.237
  40.000	  10.000	   0.000	 180.000	0.140552	0.000506	 0.360
  35.000	  10.000	   0.000	 180.000	0.184258	0.000556	 0.302
  30.000	  10.000	   0.000	 180.000	0.255401	0.000658	 0.258
  25.000	  10.000	   0.000	 180.000	0.377109	0.001213	 0.322
  20.000	  10.000	   0.000	 180.000	0.465718	0.000987	 0.212
  15.000	  10.000	   0.000	 180.000	0.329942	0.000525	 0.159
  12.000	  10.000	   0.000	 180.000	0.250083	0.000718	 0.287
  12.000	 -10.000	   0.000	   0.000	0.071828	0.000256	 0.357
  15.000	 -10.000	   0.000	   0.000	0.064885	0.000207	 0.319
  20.000	 -10.000	   0.000	   0.000	0.055670	0.000212	 0.380
  25.000	 -10.000	   0.000	   0.000	0.048175	0.000198	 0.411
  30.000	 -10.000	   0.000	   0.000	0.042802	0.000165	 0.385
  35.000	 -10.000	   0.000	   0.000	0.038483	0.000102	 0.266
  40.000	 -10.000	   0.000	   0.000	0.035714	0.000108	 0.302
  45.000	 -10.000	   0.000	   0.000	0.032035	0.000125	 0.390
  50.000	 -10.000	   0.000	   0.000	0.028806	0.000117	 0.405
  55.000	 -10.000	   0.000	   0.000	0.026768	0.000068	 0.253
  60.000	 -10.000	   0.000	   0.000	0.024784	0.000083	 0.337
  65.000	 -10.000	   0.000	   0.000	0.022421	0.000076	 0.338
 105.000	  30.000	   0.000	 180.000	0.188274	0.000461	 0.245
 100.000	  30.000	   0.000	 180.000	0.180294	0.000375	 0.208
  95.000	  30.000	   0.000	 180.000	0.176912	0.000440	 0.249
  90.000	  30.000	   0.000	 180.000	0.181693	0.000530	 0.292
  85.000	  30.000	   0.000	 180.000	0.190509	0.000457	 0.240
  80.000	  30.000	   0.000	 180.000	0.214383	0.000402	 0.188
  75.000	  30.000	   0.000	 180.000	0.262360	0.000898	 0.342
  70.000	  30.000	   0.000	 180.000	0.345265	0.001302	 0.377
  65.000	  30.000	   0.000	 180.000	0.490744	0.001180	 0.240
  60.000	  30.000	   0.000	 180.000	0.599675	0.001424	 0.238
  55.000	  30.000	   0.000	 180.000	0.387824	0.000808	 0.208
  50.000	  30.000	   0.000	 180.000	0.231989	0.000560	 0.241
  45.000	  30.000	   0.000	 180.000	0.154063	0.000226	 0.147
  40.000	  30.000	   0.000	 180.000	0.113652	0.000540	 0.475
  35.000	  30.000	   0.000	 180.000	0.090700	0.000281	 0.309
  30.000	  30.000	   0.000	 180.000	0.073575	0.000378	 0.513
  25.000	  30.000	   0.000	 180.000	0.060623	0.000245	 0.405
  20.000	  30.000	   0.000	 180.000	0.050157	0.000157	 0.313
  15.000	  30.000	   0.000	 180.000	0.042301	0.000158	 0.373
  12.000	  30.000	   0.000	 180.000	0.038345	0.000133	 0.346
  12.000	 -30.000	   0.000	   0.000	0.019079	0.000083	 0.437
  15.000	 -30.000	   0.000	   0.000	0.017609	0.000081	 0.461
  20.000	 -30.000	   0.000	   0.000	0.015996	0.000104	 0.650
  25.000	 -30.000	   0.000	   0.000	0.014565	0.000072	 0.492
  30.000	 -30.000	   0.000	   0.000	0.013018	0.000078	 0.603
  35.000	 -30.000	   0.000	   0.000	0.011879	0.000056	 0.471
  40.000	 -30.000	   0.000	   0.000	0.010455	0.000068	 0.653
  45.000	 -30.000	   0.000	   0.000	0.008969	0.000063	 0.702
 125.000	  50.000	   0.000	 180.000	0.651865	0.002443	 0.375
 120.000	  50.000	   0.000	 180.000	0.605106	0.002109	 0.348
 115.000	  50.000	   0.000	 180.000	0.619109	0.001726	 0.279
 110.000	  50.000	   0.000	 180.000	0.719031	0.002234	 0.311
 105.000	  50.000	   0.000	 180.000	0.948048	0.002740	 0.289
 100.000	  50.000	   0.000	 180.000	1.069564	0.004226	 0.395
  95.000	  50.000	   0.000	 180.000	0.622807	0.002317	 0.372
  90.000	  50.000	   0.000	 180.000	0.338373	0.000862	 0.255
  85.000	  50.000	   0.000	 180.000	0.209863	0.000626	 0.298
  80.000	  50.000	   0.000	 180.000	0.147164	0.000366	 0.248
  75.000	  50.000	   0.000	 180.000	0.110455	0.000712	 0.645
  70.000	  50.000	   0.000	 180.000	0.086252	0.000241	 0.279
  65.000	  50.000	   0.000	 180.000	0.067593	0.000269	 0.398
  60.000	  50.000	   0.000	 180.000	0.053189	0.000160	 0.301
  55.000	  50.000	   0.000	 180.000	0.043174	0.000142	 0.330
  50.000	  50.000	   0.000	 180.000	0.034525	0.000071	 0.205
  45.000	  50.000	   0.000	 180.000	0.028155	0.000072	 0.255
  40.000	  50.000	   0.000	 180.000	0.023775	0.000095	 0.400
  35.000	  50.000	   0.000	 180.000	0.019383	0.000101	 0.521
  30.000	  50.000	   0.000	 180.000	0.016139	0.000103	 0.638
  25.000	  50.000	   0.000	 180.000	0.013815	0.000090	 0.653
  20.000	  50.000	   0.000	 180.000	0.012209	0.000059	 0.480
  15.000	  50.000	   0.000	 180.000	0.011072	0.000067	 0.607
  12.000	  50.000	   0.000	 180.000	0.010013	0.000083	 0.825
  12.000	 -50.000	   0.000	   0.000	0.006231	0.000062	 0.999
  15.000	 -50.000	   0.000	   0.000	0.005959	0.000047	 0.795
  20.000	 -50.000	   0.000	   0.000	0.005106	0.000078	 1.533
  25.000	 -50.000	   0.000	   0.000	0.004339	0.000064	 1.477
 145.000	  70.000	   0.000	 180.000	4.704731	0.012324	 0.262
 140.000	  70.000	   0.000	 180.000	4.536891	0.009875	 0.218
 135.000	  70.000	   0.000	 180.000	2.020846	0.004727	 0.234
 130.000	  70.000	   0.000	 180.000	0.914537	0.003248	 0.355
 125.000	  70.000	   0.000	 180.000	0.484779	0.000558	 0.115
 120.000	  70.000	   0.000	 180.000	0.301498	0.001139	 0.378
 115.000	  70.000	   0.000	 180.000	0.203436	0.000467	 0.229
 110.000	  70.000	   0.000	 180.000	0.142767	0.000309	 0.216
 105.000	  70.000	   0.000	 180.000	0.100175	0.000184	 0.184
 100.000	  70.000	   0.000	 180.000	0.073198	0.000261	 0.356
  95.000	  70.000	   0.000	 180.000	0.054457	0.000227	 0.417
  90.000	  70.000	   0.000	 180.000	0.040269	0.000124	 0.307
  85.000	  70.000	   0.000	 180.000	0.030632	0.000106	 0.345
  80.000	  70.000	   0.000	 180.000	0.023538	0.000084	 0.356
  75.000	  70.000	   0.000	 180.000	0.018233	0.000087	 0.479
  70.000	  70.000	   0.000	 180.000	0.014220	0.000073	 0.514
  65.000	  70.000	   0.000	 180.000	0.011219	0.000066	 0.588
  60.000	  70.000	   0.000	 180.000	0.008984	0.000066	 0.734
  55.000	  70.000	   0.000	 180.000	0.007571	0.000068	 0.903
  50.000	  70.000	   0.000	 180.000	0.006299	0.000076	 1.203
  45.000	  70.000	   0.000	 180.000	0.005482	0.000050	 0.919
  40.000	  70.000	   0.000	 180.000	0.004758	0.000056	 1.175
  35.000	  70.000	   0.000	 180.000	0.004380	0.000052	 1.177
  30.000	  70.000	   0.000	 180.000	0.004252	0.000050	 1.186
  25.000	  70.000	   0.000	 180.000	0.004388	0.000053	 1.216
  20.000	  70.000	   0.000	 180.000	0.004966	0.000060	 1.216
  15.000	  70.000	   0.000	 180.000	0.006086	0.000045	 0.734
  12.000	  70.000	   0.000	 180.000	0.002996	0.000071	 2.364
  45.000	   0.000	   0.000	   0.000	0.057028	0.000236	 0.414
1.0000	 852.23	8.000	9
-0.000292 +- 0.000017 = dark 1
-0.000366 +- 0.000035 = dark 2
-0.000075 = dark 2 - dark 1
9 = filter number
