nik	Mon Jul 06 09:15:52 2026
LOFT Aeroglaze sample using circular aperture for DXW
 630.79 nanometers
114
  45.000	   0.000	   0.000	   0.000	0.237849	0.000375	 0.158
  85.000	  10.000	   0.000	 180.000	0.287870	0.000346	 0.120
  80.000	  10.000	   0.000	 180.000	0.278504	0.000397	 0.143
  75.000	  10.000	   0.000	 180.000	0.268190	0.000379	 0.141
  70.000	  10.000	   0.000	 180.000	0.259360	0.000393	 0.152
  65.000	  10.000	   0.000	 180.000	0.251839	0.000481	 0.191
  60.000	  10.000	   0.000	 180.000	0.247169	0.000386	 0.156
  55.000	  10.000	   0.000	 180.000	0.243162	0.000311	 0.128
  50.000	  10.000	   0.000	 180.000	0.239472	0.000671	 0.280
  45.000	  10.000	   0.000	 180.000	0.237819	0.000236	 0.099
  40.000	  10.000	   0.000	 180.000	0.238286	0.000412	 0.173
  35.000	  10.000	   0.000	 180.000	0.239604	0.000382	 0.160
  30.000	  10.000	   0.000	 180.000	0.239062	0.000358	 0.150
  25.000	  10.000	   0.000	 180.000	0.240310	0.000332	 0.138
  20.000	  10.000	   0.000	 180.000	0.243352	0.000424	 0.174
  15.000	  10.000	   0.000	 180.000	0.246051	0.000373	 0.152
  12.000	  10.000	   0.000	 180.000	0.249257	0.000374	 0.150
  12.000	 -10.000	   0.000	   0.000	0.247677	0.000568	 0.229
  15.000	 -10.000	   0.000	   0.000	0.245187	0.000548	 0.224
  20.000	 -10.000	   0.000	   0.000	0.240110	0.000476	 0.198
  25.000	 -10.000	   0.000	   0.000	0.236609	0.000429	 0.181
  30.000	 -10.000	   0.000	   0.000	0.234355	0.000694	 0.296
  35.000	 -10.000	   0.000	   0.000	0.232545	0.000447	 0.192
  40.000	 -10.000	   0.000	   0.000	0.231263	0.000589	 0.255
  45.000	 -10.000	   0.000	   0.000	0.230886	0.000389	 0.169
  50.000	 -10.000	   0.000	   0.000	0.230958	0.000374	 0.162
  55.000	 -10.000	   0.000	   0.000	0.231053	0.000452	 0.196
  60.000	 -10.000	   0.000	   0.000	0.230791	0.000440	 0.191
  65.000	 -10.000	   0.000	   0.000	0.229576	0.000447	 0.195
 105.000	  30.000	   0.000	 180.000	0.447271	0.000552	 0.124
 100.000	  30.000	   0.000	 180.000	0.395971	0.000302	 0.076
  95.000	  30.000	   0.000	 180.000	0.353169	0.000372	 0.105
  90.000	  30.000	   0.000	 180.000	0.318241	0.000589	 0.185
  85.000	  30.000	   0.000	 180.000	0.291985	0.000820	 0.281
  80.000	  30.000	   0.000	 180.000	0.271362	0.000500	 0.184
  75.000	  30.000	   0.000	 180.000	0.255460	0.000291	 0.114
  70.000	  30.000	   0.000	 180.000	0.242309	0.000259	 0.107
  65.000	  30.000	   0.000	 180.000	0.231502	0.000421	 0.182
  60.000	  30.000	   0.000	 180.000	0.223646	0.000405	 0.181
  55.000	  30.000	   0.000	 180.000	0.218967	0.000501	 0.229
  50.000	  30.000	   0.000	 180.000	0.214329	0.000454	 0.212
  45.000	  30.000	   0.000	 180.000	0.211632	0.000502	 0.237
  40.000	  30.000	   0.000	 180.000	0.209523	0.000386	 0.184
  35.000	  30.000	   0.000	 180.000	0.207930	0.000454	 0.218
  30.000	  30.000	   0.000	 180.000	0.208191	0.000358	 0.172
  25.000	  30.000	   0.000	 180.000	0.209343	0.000353	 0.168
  20.000	  30.000	   0.000	 180.000	0.211502	0.000567	 0.268
  15.000	  30.000	   0.000	 180.000	0.214467	0.000672	 0.313
  12.000	  30.000	   0.000	 180.000	0.217808	0.000255	 0.117
  12.000	 -30.000	   0.000	   0.000	0.221435	0.000354	 0.160
  15.000	 -30.000	   0.000	   0.000	0.218867	0.000778	 0.356
  20.000	 -30.000	   0.000	   0.000	0.214727	0.000490	 0.228
  25.000	 -30.000	   0.000	   0.000	0.212080	0.000534	 0.252
  30.000	 -30.000	   0.000	   0.000	0.208773	0.000443	 0.212
  35.000	 -30.000	   0.000	   0.000	0.206169	0.000451	 0.219
  40.000	 -30.000	   0.000	   0.000	0.202750	0.000396	 0.195
  45.000	 -30.000	   0.000	   0.000	0.197765	0.000389	 0.196
 125.000	  50.000	   0.000	 180.000	1.040521	0.001494	 0.144
 120.000	  50.000	   0.000	 180.000	0.795245	0.001434	 0.180
 115.000	  50.000	   0.000	 180.000	0.615037	0.000886	 0.144
 110.000	  50.000	   0.000	 180.000	0.486242	0.000559	 0.115
 105.000	  50.000	   0.000	 180.000	0.393526	0.000631	 0.160
 100.000	  50.000	   0.000	 180.000	0.329051	0.000832	 0.253
  95.000	  50.000	   0.000	 180.000	0.282463	0.000740	 0.262
  90.000	  50.000	   0.000	 180.000	0.247041	0.000656	 0.265
  85.000	  50.000	   0.000	 180.000	0.221614	0.000366	 0.165
  80.000	  50.000	   0.000	 180.000	0.201382	0.000324	 0.161
  75.000	  50.000	   0.000	 180.000	0.185981	0.000238	 0.128
  70.000	  50.000	   0.000	 180.000	0.175817	0.000771	 0.439
  65.000	  50.000	   0.000	 180.000	0.167922	0.000625	 0.372
  60.000	  50.000	   0.000	 180.000	0.161874	0.000556	 0.343
  55.000	  50.000	   0.000	 180.000	0.156947	0.000444	 0.283
  50.000	  50.000	   0.000	 180.000	0.153735	0.000261	 0.170
  45.000	  50.000	   0.000	 180.000	0.152420	0.000464	 0.305
  40.000	  50.000	   0.000	 180.000	0.151272	0.000300	 0.199
  35.000	  50.000	   0.000	 180.000	0.151682	0.000531	 0.350
  30.000	  50.000	   0.000	 180.000	0.153342	0.000228	 0.149
  25.000	  50.000	   0.000	 180.000	0.155844	0.000399	 0.256
  20.000	  50.000	   0.000	 180.000	0.160051	0.000440	 0.275
  15.000	  50.000	   0.000	 180.000	0.165868	0.000316	 0.191
  12.000	  50.000	   0.000	 180.000	0.170429	0.000410	 0.240
  12.000	 -50.000	   0.000	   0.000	0.187062	0.000231	 0.123
  15.000	 -50.000	   0.000	   0.000	0.184629	0.000606	 0.328
  20.000	 -50.000	   0.000	   0.000	0.179902	0.000401	 0.223
  25.000	 -50.000	   0.000	   0.000	0.173632	0.000413	 0.238
 145.000	  70.000	   0.000	 180.000	4.551370	0.009248	 0.203
 140.000	  70.000	   0.000	 180.000	2.529767	0.004546	 0.180
 135.000	  70.000	   0.000	 180.000	1.480709	0.004235	 0.286
 130.000	  70.000	   0.000	 180.000	0.927846	0.001944	 0.210
 125.000	  70.000	   0.000	 180.000	0.615392	0.001610	 0.262
 120.000	  70.000	   0.000	 180.000	0.426983	0.000953	 0.223
 115.000	  70.000	   0.000	 180.000	0.314426	0.001106	 0.352
 110.000	  70.000	   0.000	 180.000	0.240948	0.001082	 0.449
 105.000	  70.000	   0.000	 180.000	0.191731	0.000444	 0.232
 100.000	  70.000	   0.000	 180.000	0.158799	0.000380	 0.239
  95.000	  70.000	   0.000	 180.000	0.135349	0.000395	 0.292
  90.000	  70.000	   0.000	 180.000	0.118515	0.000476	 0.401
  85.000	  70.000	   0.000	 180.000	0.106391	0.000456	 0.428
  80.000	  70.000	   0.000	 180.000	0.098078	0.000358	 0.365
  75.000	  70.000	   0.000	 180.000	0.091121	0.000268	 0.294
  70.000	  70.000	   0.000	 180.000	0.086686	0.000352	 0.406
  65.000	  70.000	   0.000	 180.000	0.083649	0.000335	 0.400
  60.000	  70.000	   0.000	 180.000	0.081389	0.000332	 0.408
  55.000	  70.000	   0.000	 180.000	0.080237	0.000269	 0.335
  50.000	  70.000	   0.000	 180.000	0.079841	0.000301	 0.377
  45.000	  70.000	   0.000	 180.000	0.080129	0.000358	 0.447
  40.000	  70.000	   0.000	 180.000	0.081057	0.000429	 0.529
  35.000	  70.000	   0.000	 180.000	0.083595	0.000317	 0.380
  30.000	  70.000	   0.000	 180.000	0.086781	0.000197	 0.227
  25.000	  70.000	   0.000	 180.000	0.091470	0.000320	 0.349
  20.000	  70.000	   0.000	 180.000	0.097916	0.000332	 0.339
  15.000	  70.000	   0.000	 180.000	0.107107	0.000335	 0.313
  12.000	  70.000	   0.000	 180.000	0.112015	0.000610	 0.544
  45.000	   0.000	   0.000	   0.000	0.239417	0.000605	 0.253
1.0000	 630.79	8.000	10
-0.001849 +- 0.000133 = dark 1
-0.001760 +- 0.000069 = dark 2
 0.000089 = dark 2 - dark 1
4 = filter number
