BRF Values
LOFT 12" sample Aluminum 6061 optical black anodize
Measurements taken on Jul 16 2026 by nik
BRF values calculated with F:\data\sorted\data_processing_programs\blacklab_rf_calculator_MATLAB\Black_Lab_BRF_v6.m using 0/45 configuration
NIST BRF values linearly interpolated from F:\data\sorted\data_processing_programs\blacklab_rf_calculator_MATLAB\NIST RF files\RSG_working_NIST_standard\NIST_291181-Revised_24477-1-1_0-45_Extended.txt
src_z	src_a	view_z	view_a	385.65nm	1059.04nm
  0.000	  0.000	 45.000	  0.000	0.058926	0.062146
 10.000	  0.000	 75.000	180.000	0.090821	0.082259
 10.000	  0.000	 70.000	180.000	0.083719	0.078036
 10.000	  0.000	 65.000	180.000	0.078293	0.075048
 10.000	  0.000	 60.000	180.000	0.073907	0.072300
 10.000	  0.000	 55.000	180.000	0.070550	0.071399
 10.000	  0.000	 50.000	180.000	0.068205	0.070764
 10.000	  0.000	 45.000	180.000	0.066375	0.071305
 10.000	  0.000	 40.000	180.000	0.064922	0.071850
 10.000	  0.000	 35.000	180.000	0.063790	0.072915
 10.000	  0.000	 30.000	180.000	0.063305	0.074456
 10.000	  0.000	 25.000	180.000	0.062871	0.075773
 10.000	  0.000	 20.000	180.000	0.062126	0.076518
 10.000	  0.000	 15.000	180.000	0.062188	0.077310
 10.000	  0.000	 10.000	180.000	0.061989	0.077828
 10.000	  0.000	  5.000	180.000	0.061844	0.079245
 10.000	  0.000	  2.000	180.000	0.062074	0.080596
 10.000	  0.000	 22.000	  0.000	0.058312	0.071200
 10.000	  0.000	 25.000	  0.000	0.057147	0.068886
 10.000	  0.000	 30.000	  0.000	0.055903	0.064776
 10.000	  0.000	 35.000	  0.000	0.054878	0.061396
 10.000	  0.000	 40.000	  0.000	0.054109	0.058800
 10.000	  0.000	 45.000	  0.000	0.053736	0.056614
 10.000	  0.000	 50.000	  0.000	0.053708	0.055020
 10.000	  0.000	 55.000	  0.000	0.054247	0.053992
 10.000	  0.000	 60.000	  0.000	0.055196	0.053704
 10.000	  0.000	 65.000	  0.000	0.056975	0.053808
 10.000	  0.000	 70.000	  0.000	0.059402	0.054668
 10.000	  0.000	 75.000	  0.000	0.062952	0.056430
 30.000	  0.000	 75.000	180.000	0.160066	0.152013
 30.000	  0.000	 70.000	180.000	0.142805	0.137295
 30.000	  0.000	 65.000	180.000	0.127609	0.123759
 30.000	  0.000	 60.000	180.000	0.114797	0.114514
 30.000	  0.000	 55.000	180.000	0.104836	0.106058
 30.000	  0.000	 50.000	180.000	0.096556	0.100635
 30.000	  0.000	 45.000	180.000	0.090145	0.095924
 30.000	  0.000	 40.000	180.000	0.084030	0.092237
 30.000	  0.000	 35.000	180.000	0.079299	0.088595
 30.000	  0.000	 30.000	180.000	0.075275	0.085468
 30.000	  0.000	 25.000	180.000	0.071586	0.082917
 30.000	  0.000	 20.000	180.000	0.068774	0.080334
 30.000	  0.000	 15.000	180.000	0.065770	0.077405
 30.000	  0.000	 10.000	180.000	0.063276	0.074521
 30.000	  0.000	  5.000	180.000	0.060986	0.071529
 30.000	  0.000	  0.000	  0.000	0.059071	0.068522
 30.000	  0.000	  5.000	  0.000	0.057276	0.066646
 30.000	  0.000	 10.000	  0.000	0.055858	0.065178
 30.000	  0.000	 15.000	  0.000	0.054952	0.064738
 30.000	  0.000	 18.000	  0.000	0.054576	0.064697
 30.000	  0.000	 42.000	  0.000	0.049947	0.054544
 30.000	  0.000	 45.000	  0.000	0.049131	0.052553
 30.000	  0.000	 50.000	  0.000	0.048202	0.050009
 30.000	  0.000	 55.000	  0.000	0.047871	0.048354
 30.000	  0.000	 60.000	  0.000	0.048097	0.047219
 30.000	  0.000	 65.000	  0.000	0.049052	0.046909
 30.000	  0.000	 70.000	  0.000	0.050758	0.047175
 30.000	  0.000	 75.000	  0.000	0.053168	0.047957
 50.000	  0.000	 75.000	180.000	0.343891	0.359679
 50.000	  0.000	 70.000	180.000	0.295121	0.309365
 50.000	  0.000	 65.000	180.000	0.252754	0.265115
 50.000	  0.000	 60.000	180.000	0.214414	0.224103
 50.000	  0.000	 55.000	180.000	0.184383	0.188171
 50.000	  0.000	 50.000	180.000	0.159275	0.163154
 50.000	  0.000	 45.000	180.000	0.138558	0.141950
 50.000	  0.000	 40.000	180.000	0.122038	0.126358
 50.000	  0.000	 35.000	180.000	0.108583	0.112165
 50.000	  0.000	 30.000	180.000	0.097340	0.100559
 50.000	  0.000	 25.000	180.000	0.088297	0.091710
 50.000	  0.000	 20.000	180.000	0.080650	0.084539
 50.000	  0.000	 15.000	180.000	0.074247	0.077284
 50.000	  0.000	 10.000	180.000	0.068893	0.071377
 50.000	  0.000	  5.000	180.000	0.064273	0.065935
 50.000	  0.000	  0.000	  0.000	0.060379	0.061806
 50.000	  0.000	  5.000	  0.000	0.057061	0.058229
 50.000	  0.000	 10.000	  0.000	0.054289	0.055416
 50.000	  0.000	 15.000	  0.000	0.052053	0.053347
 50.000	  0.000	 20.000	  0.000	0.050465	0.051919
 50.000	  0.000	 25.000	  0.000	0.049382	0.050921
 50.000	  0.000	 30.000	  0.000	0.048623	0.050287
 50.000	  0.000	 35.000	  0.000	0.048659	0.050509
 50.000	  0.000	 38.000	  0.000	0.049109	0.050893
 50.000	  0.000	 62.000	  0.000	0.052977	0.050802
 50.000	  0.000	 65.000	  0.000	0.053271	0.050578
 50.000	  0.000	 70.000	  0.000	0.054732	0.050499
 50.000	  0.000	 75.000	  0.000	0.057411	0.051234
 70.000	  0.000	 75.000	180.000	0.837844	1.133387
 70.000	  0.000	 70.000	180.000	0.671169	0.829564
 70.000	  0.000	 65.000	180.000	0.552212	0.646638
 70.000	  0.000	 60.000	180.000	0.453238	0.508738
 70.000	  0.000	 55.000	180.000	0.370686	0.402852
 70.000	  0.000	 50.000	180.000	0.304120	0.319702
 70.000	  0.000	 45.000	180.000	0.249985	0.255894
 70.000	  0.000	 40.000	180.000	0.207824	0.206573
 70.000	  0.000	 35.000	180.000	0.174266	0.168615
 70.000	  0.000	 30.000	180.000	0.147361	0.139920
 70.000	  0.000	 25.000	180.000	0.127004	0.118741
 70.000	  0.000	 20.000	180.000	0.110838	0.102792
 70.000	  0.000	 15.000	180.000	0.097852	0.090040
 70.000	  0.000	 10.000	180.000	0.087267	0.079314
 70.000	  0.000	  5.000	180.000	0.078817	0.071396
 70.000	  0.000	  0.000	  0.000	0.071673	0.064850
 70.000	  0.000	  5.000	  0.000	0.067313	0.059960
 70.000	  0.000	 10.000	  0.000	0.062439	0.056058
 70.000	  0.000	 15.000	  0.000	0.058839	0.053100
 70.000	  0.000	 20.000	  0.000	0.056450	0.050939
 70.000	  0.000	 25.000	  0.000	0.054715	0.049596
 70.000	  0.000	 30.000	  0.000	0.053031	0.048738
 70.000	  0.000	 35.000	  0.000	0.053079	0.048659
 70.000	  0.000	 40.000	  0.000	0.053356	0.049262
 70.000	  0.000	 45.000	  0.000	0.054701	0.050934
 70.000	  0.000	 50.000	  0.000	0.057149	0.053785
 70.000	  0.000	 55.000	  0.000	0.060554	0.058204
 70.000	  0.000	 58.000	  0.000	0.063451	0.057483
  0.000	  0.000	 45.000	  0.000	0.058061	0.062017
