BRF Values
Working Ref for LOFT 12-Cycle Set Z307 on Invar - small FOV
Measurements taken on Mon Sep 15:12:10 by Jacob
BRF values calculated with F:\data\sorted\data_processing_programs\blacklab_rf_calculator_MATLAB\Black_Lab_BRF_v6.m using 0/45 configuration
NIST BRF values linearly interpolated from F:\data\sorted\data_processing_programs\blacklab_rf_calculator_MATLAB\NIST RF files\RSG_working_NIST_standard\NIST_291181-Revised_24477-1-1_0-45_Extended.txt
src_z	src_a	view_z	view_a	385.65nm	630.79nm	852.23nm	1059.04nm
  0.000	  0.000	 45.000	  0.000	1.011680	1.021046	1.020719	1.020377
 10.000	  0.000	 75.000	180.000	0.900241	0.912283	0.912024	0.903289
 10.000	  0.000	 70.000	180.000	0.934280	0.946967	0.947720	0.940212
 10.000	  0.000	 65.000	180.000	0.962635	0.973165	0.970233	0.968011
 10.000	  0.000	 60.000	180.000	0.982426	0.993713	0.992594	0.989388
 10.000	  0.000	 55.000	180.000	0.997172	1.009911	1.008932	1.006707
 10.000	  0.000	 50.000	180.000	1.011080	1.023587	1.022410	1.020512
 10.000	  0.000	 45.000	180.000	1.025163	1.033565	1.033756	1.031756
 10.000	  0.000	 40.000	180.000	1.032859	1.041773	1.043446	1.043572
 10.000	  0.000	 35.000	180.000	1.039341	1.052085	1.050551	1.052141
 10.000	  0.000	 30.000	180.000	1.045654	1.059374	1.057107	1.057795
 10.000	  0.000	 25.000	180.000	1.050392	1.064142	1.061874	1.067829
 10.000	  0.000	 20.000	180.000	1.056069	1.067705	1.067174	1.070010
 10.000	  0.000	 15.000	180.000	1.059231	1.070919	1.073738	1.071970
 10.000	  0.000	 10.000	180.000	1.061761	1.074050	1.075390	1.077619
 10.000	  0.000	  5.000	180.000	1.068306	1.076678	1.078043	1.078579
 10.000	  0.000	  2.000	180.000	1.066176	1.079833	1.080761	1.083034
 10.000	  0.000	 22.000	  0.000	1.051948	1.065041	1.061042	1.062169
 10.000	  0.000	 25.000	  0.000	1.046860	1.056802	1.057588	1.058460
 10.000	  0.000	 30.000	  0.000	1.038208	1.047058	1.044314	1.044518
 10.000	  0.000	 35.000	  0.000	1.027881	1.037334	1.036758	1.033872
 10.000	  0.000	 40.000	  0.000	1.014865	1.024802	1.021104	1.020945
 10.000	  0.000	 45.000	  0.000	1.001891	1.009678	1.008597	1.007213
 10.000	  0.000	 50.000	  0.000	0.988591	0.995636	0.992218	0.990555
 10.000	  0.000	 55.000	  0.000	0.970463	0.976070	0.974357	0.972685
 10.000	  0.000	 60.000	  0.000	0.949891	0.954977	0.952114	0.950511
 10.000	  0.000	 65.000	  0.000	0.924211	0.930180	0.928287	0.923650
 10.000	  0.000	 70.000	  0.000	0.893869	0.900421	0.897862	0.890213
 10.000	  0.000	 75.000	  0.000	0.853071	0.859635	0.857757	0.848207
 30.000	  0.000	 75.000	180.000	0.980436	0.996343	1.001755	0.991343
 30.000	  0.000	 70.000	180.000	1.004357	1.023743	1.027242	1.019009
 30.000	  0.000	 65.000	180.000	1.022898	1.036994	1.042986	1.035377
 30.000	  0.000	 60.000	180.000	1.031890	1.049236	1.054553	1.049549
 30.000	  0.000	 55.000	180.000	1.039253	1.056215	1.060384	1.059843
 30.000	  0.000	 50.000	180.000	1.043842	1.062338	1.065222	1.064424
 30.000	  0.000	 45.000	180.000	1.045817	1.061229	1.066814	1.066692
 30.000	  0.000	 40.000	180.000	1.048638	1.065156	1.068354	1.070737
 30.000	  0.000	 35.000	180.000	1.050347	1.065127	1.068086	1.067078
 30.000	  0.000	 30.000	180.000	1.049796	1.062667	1.065713	1.065989
 30.000	  0.000	 25.000	180.000	1.048334	1.061668	1.063588	1.067699
 30.000	  0.000	 20.000	180.000	1.049103	1.062598	1.062160	1.064344
 30.000	  0.000	 15.000	180.000	1.047358	1.060409	1.059270	1.064295
 30.000	  0.000	 10.000	180.000	1.044749	1.056814	1.057745	1.059764
 30.000	  0.000	  5.000	180.000	1.045164	1.056163	1.053712	1.056854
 30.000	  0.000	  0.000	  0.000	1.040891	1.053194	1.052976	1.052209
 30.000	  0.000	  5.000	  0.000	1.041758	1.049435	1.049581	1.049893
 30.000	  0.000	 10.000	  0.000	1.038359	1.046536	1.045598	1.045446
 30.000	  0.000	 15.000	  0.000	1.035894	1.045255	1.044449	1.043592
 30.000	  0.000	 18.000	  0.000	1.033057	1.043967	1.040261	1.040872
 30.000	  0.000	 42.000	  0.000	0.995020	1.001047	0.999012	0.995776
 30.000	  0.000	 45.000	  0.000	0.987061	0.992518	0.988461	0.986796
 30.000	  0.000	 50.000	  0.000	0.972465	0.974946	0.971222	0.967549
 30.000	  0.000	 55.000	  0.000	0.953245	0.955049	0.950771	0.949809
 30.000	  0.000	 60.000	  0.000	0.931296	0.934952	0.930778	0.926159
 30.000	  0.000	 65.000	  0.000	0.905775	0.908891	0.906682	0.899894
 30.000	  0.000	 70.000	  0.000	0.876883	0.878255	0.873588	0.867733
 30.000	  0.000	 75.000	  0.000	0.836903	0.837956	0.835616	0.824453
 50.000	  0.000	 75.000	180.000	1.169581	1.202587	1.219672	1.214431
 50.000	  0.000	 70.000	180.000	1.157213	1.191096	1.205220	1.201015
 50.000	  0.000	 65.000	180.000	1.140842	1.171396	1.186044	1.185403
 50.000	  0.000	 60.000	180.000	1.120072	1.152261	1.165589	1.165729
 50.000	  0.000	 55.000	180.000	1.105611	1.134961	1.144032	1.146864
 50.000	  0.000	 50.000	180.000	1.089846	1.115316	1.124710	1.129710
 50.000	  0.000	 45.000	180.000	1.078120	1.100941	1.109891	1.112084
 50.000	  0.000	 40.000	180.000	1.065258	1.089075	1.093330	1.096707
 50.000	  0.000	 35.000	180.000	1.053719	1.075185	1.078177	1.081810
 50.000	  0.000	 30.000	180.000	1.044378	1.061240	1.064728	1.068268
 50.000	  0.000	 25.000	180.000	1.035894	1.051222	1.052403	1.055828
 50.000	  0.000	 20.000	180.000	1.028182	1.041772	1.042643	1.043167
 50.000	  0.000	 15.000	180.000	1.017611	1.033378	1.034271	1.033895
 50.000	  0.000	 10.000	180.000	1.008963	1.024866	1.023818	1.022978
 50.000	  0.000	  5.000	180.000	1.004170	1.015349	1.017349	1.013935
 50.000	  0.000	  0.000	  0.000	0.999248	1.010523	1.009799	1.005971
 50.000	  0.000	  5.000	  0.000	0.992835	1.002384	1.001891	1.001155
 50.000	  0.000	 10.000	  0.000	0.988524	0.997903	0.993513	0.994371
 50.000	  0.000	 15.000	  0.000	0.984333	0.995559	0.989459	0.985056
 50.000	  0.000	 20.000	  0.000	0.982084	0.988796	0.984841	0.981240
 50.000	  0.000	 25.000	  0.000	0.977372	0.984330	0.978840	0.976667
 50.000	  0.000	 30.000	  0.000	0.971480	0.978508	0.973828	0.970135
 50.000	  0.000	 35.000	  0.000	0.970462	0.976854	0.968654	0.964605
 50.000	  0.000	 38.000	  0.000	0.971031	0.974456	0.968277	0.962707
 50.000	  0.000	 62.000	  0.000	0.918466	0.914086	0.907396	0.902511
 50.000	  0.000	 65.000	  0.000	0.903511	0.901998	0.892711	0.888622
 50.000	  0.000	 70.000	  0.000	0.877827	0.872398	0.864443	0.858097
 50.000	  0.000	 75.000	  0.000	0.840284	0.836605	0.828246	0.816766
 70.000	  0.000	 75.000	180.000	1.874190	1.974267	2.029155	2.031909
 70.000	  0.000	 70.000	180.000	1.619435	1.698814	1.742086	1.735545
 70.000	  0.000	 65.000	180.000	1.445191	1.509209	1.539658	1.549780
 70.000	  0.000	 60.000	180.000	1.316951	1.364465	1.400735	1.409748
 70.000	  0.000	 55.000	180.000	1.226089	1.271842	1.294371	1.305931
 70.000	  0.000	 50.000	180.000	1.155518	1.199803	1.211548	1.216667
 70.000	  0.000	 45.000	180.000	1.103136	1.139100	1.153109	1.158859
 70.000	  0.000	 40.000	180.000	1.063653	1.094489	1.104525	1.109538
 70.000	  0.000	 35.000	180.000	1.030424	1.060202	1.067782	1.069754
 70.000	  0.000	 30.000	180.000	1.004618	1.028197	1.033870	1.036623
 70.000	  0.000	 25.000	180.000	0.980483	1.001825	1.007794	1.011257
 70.000	  0.000	 20.000	180.000	0.961334	0.983699	0.987750	0.989598
 70.000	  0.000	 15.000	180.000	0.948503	0.966517	0.970316	0.970296
 70.000	  0.000	 10.000	180.000	0.932935	0.949488	0.950888	0.952317
 70.000	  0.000	  5.000	180.000	0.922025	0.939071	0.937352	0.938161
 70.000	  0.000	  0.000	  0.000	0.913320	0.928814	0.927182	0.927961
 70.000	  0.000	  5.000	  0.000	0.904509	0.920114	0.919378	0.920022
 70.000	  0.000	 10.000	  0.000	0.898234	0.912925	0.909682	0.910693
 70.000	  0.000	 15.000	  0.000	0.893426	0.905837	0.903757	0.903994
 70.000	  0.000	 20.000	  0.000	0.890723	0.900246	0.895487	0.898073
 70.000	  0.000	 25.000	  0.000	0.885378	0.895931	0.892887	0.892878
 70.000	  0.000	 30.000	  0.000	0.882405	0.890595	0.887319	0.888090
 70.000	  0.000	 35.000	  0.000	0.885702	0.889194	0.885287	0.883670
 70.000	  0.000	 40.000	  0.000	0.882906	0.886651	0.882973	0.880168
 70.000	  0.000	 45.000	  0.000	0.882986	0.886964	0.882203	0.879633
 70.000	  0.000	 50.000	  0.000	0.887449	0.888235	0.883061	0.876316
 70.000	  0.000	 55.000	  0.000	0.892217	0.890075	0.884759	0.880721
 70.000	  0.000	 58.000	  0.000	0.895115	0.891534	0.878260	0.872028
  0.000	  0.000	 45.000	  0.000	1.012040	1.020804	1.021742	1.019698
