BRF Values
LOFT 12-Cycle Set - Z307 on Invar - small FOV
Measurements taken on Mon Sep 17:01:59 by Jacob
BRF values calculated with F:\data\sorted\data_processing_programs\blacklab_rf_calculator_MATLAB\Black_Lab_BRF_v6.m using 0/45 configuration
NIST BRF values linearly interpolated from F:\data\sorted\data_processing_programs\blacklab_rf_calculator_MATLAB\NIST RF files\RSG_working_NIST_standard\NIST_291181-Revised_24477-1-1_0-45_Extended.txt
src_z	src_a	view_z	view_a	385.65nm	630.79nm	852.23nm	1059.04nm
  0.000	  0.000	 45.000	  0.000	0.017246	0.026536	0.028199	0.031676
 10.000	  0.000	 75.000	180.000	0.019441	0.033076	0.034864	0.035974
 10.000	  0.000	 70.000	180.000	0.019287	0.031471	0.033426	0.035778
 10.000	  0.000	 65.000	180.000	0.018547	0.030122	0.032372	0.035450
 10.000	  0.000	 60.000	180.000	0.018089	0.029101	0.031473	0.035102
 10.000	  0.000	 55.000	180.000	0.017033	0.028378	0.030722	0.035115
 10.000	  0.000	 50.000	180.000	0.016831	0.027719	0.030025	0.035341
 10.000	  0.000	 45.000	180.000	0.017307	0.027331	0.030061	0.035812
 10.000	  0.000	 40.000	180.000	0.017421	0.027100	0.029759	0.036505
 10.000	  0.000	 35.000	180.000	0.017069	0.027067	0.030210	0.038139
 10.000	  0.000	 30.000	180.000	0.017878	0.027424	0.030633	0.040290
 10.000	  0.000	 25.000	180.000	0.018898	0.027429	0.031409	0.043213
 10.000	  0.000	 20.000	180.000	0.019337	0.027819	0.031960	0.045209
 10.000	  0.000	 15.000	180.000	0.020051	0.028465	0.033053	0.049038
 10.000	  0.000	 10.000	180.000	0.020570	0.028991	0.034190	0.053124
 10.000	  0.000	  5.000	180.000	0.021126	0.029317	0.034160	0.051932
 10.000	  0.000	  2.000	180.000	0.021423	0.029508	0.033957	0.050284
 10.000	  0.000	 22.000	  0.000	0.019796	0.028289	0.029995	0.034845
 10.000	  0.000	 25.000	  0.000	0.019800	0.027925	0.029703	0.034254
 10.000	  0.000	 30.000	  0.000	0.018362	0.027323	0.028901	0.032822
 10.000	  0.000	 35.000	  0.000	0.018355	0.026888	0.028170	0.031750
 10.000	  0.000	 40.000	  0.000	0.017310	0.026657	0.027848	0.030903
 10.000	  0.000	 45.000	  0.000	0.017033	0.026430	0.027489	0.030129
 10.000	  0.000	 50.000	  0.000	0.017475	0.026339	0.027274	0.029651
 10.000	  0.000	 55.000	  0.000	0.016675	0.026388	0.027193	0.029111
 10.000	  0.000	 60.000	  0.000	0.017280	0.026298	0.027074	0.028808
 10.000	  0.000	 65.000	  0.000	0.016703	0.026421	0.027145	0.028415
 10.000	  0.000	 70.000	  0.000	0.016751	0.026660	0.027055	0.027786
 10.000	  0.000	 75.000	  0.000	0.017434	0.026827	0.026853	0.027028
 30.000	  0.000	 75.000	180.000	0.044328	0.057009	0.063795	0.069878
 30.000	  0.000	 70.000	180.000	0.038599	0.049580	0.056659	0.063185
 30.000	  0.000	 65.000	180.000	0.025384	0.044216	0.050677	0.058267
 30.000	  0.000	 60.000	180.000	0.023113	0.040081	0.046100	0.054622
 30.000	  0.000	 55.000	180.000	0.022377	0.036715	0.042633	0.052052
 30.000	  0.000	 50.000	180.000	0.021266	0.034524	0.039987	0.051272
 30.000	  0.000	 45.000	180.000	0.020464	0.032637	0.038105	0.051434
 30.000	  0.000	 40.000	180.000	0.018688	0.031545	0.036749	0.050455
 30.000	  0.000	 35.000	180.000	0.018433	0.030565	0.035699	0.050813
 30.000	  0.000	 30.000	180.000	0.018518	0.030242	0.035390	0.053036
 30.000	  0.000	 25.000	180.000	0.018161	0.029399	0.034398	0.051116
 30.000	  0.000	 20.000	180.000	0.018568	0.028653	0.033556	0.049924
 30.000	  0.000	 15.000	180.000	0.018192	0.028103	0.032303	0.046079
 30.000	  0.000	 10.000	180.000	0.018402	0.027484	0.030878	0.041366
 30.000	  0.000	  5.000	180.000	0.017314	0.027015	0.030229	0.038028
 30.000	  0.000	  0.000	  0.000	0.018009	0.026975	0.029419	0.035512
 30.000	  0.000	  5.000	  0.000	0.018195	0.027193	0.029033	0.034199
 30.000	  0.000	 10.000	  0.000	0.018679	0.027339	0.029049	0.033121
 30.000	  0.000	 15.000	  0.000	0.019609	0.027927	0.029088	0.032699
 30.000	  0.000	 18.000	  0.000	0.020291	0.028376	0.029298	0.032724
 30.000	  0.000	 42.000	  0.000	0.021660	0.029030	0.029064	0.030936
 30.000	  0.000	 45.000	  0.000	0.020623	0.028594	0.028934	0.030591
 30.000	  0.000	 50.000	  0.000	0.019284	0.028270	0.028250	0.029688
 30.000	  0.000	 55.000	  0.000	0.018850	0.027850	0.027861	0.029048
 30.000	  0.000	 60.000	  0.000	0.018455	0.027543	0.027528	0.028473
 30.000	  0.000	 65.000	  0.000	0.019399	0.027356	0.027098	0.027723
 30.000	  0.000	 70.000	  0.000	0.018499	0.027087	0.026557	0.026813
 30.000	  0.000	 75.000	  0.000	0.018188	0.026794	0.025946	0.025480
 50.000	  0.000	 75.000	180.000	0.121379	0.170116	0.211446	0.253760
 50.000	  0.000	 70.000	180.000	0.092693	0.128647	0.162742	0.197836
 50.000	  0.000	 65.000	180.000	0.072943	0.099627	0.126044	0.157878
 50.000	  0.000	 60.000	180.000	0.058870	0.080538	0.100734	0.128178
 50.000	  0.000	 55.000	180.000	0.037492	0.066538	0.081749	0.107975
 50.000	  0.000	 50.000	180.000	0.031655	0.057121	0.069599	0.095691
 50.000	  0.000	 45.000	180.000	0.027959	0.049197	0.059651	0.084549
 50.000	  0.000	 40.000	180.000	0.026083	0.044163	0.053790	0.079401
 50.000	  0.000	 35.000	180.000	0.022370	0.038809	0.046595	0.064937
 50.000	  0.000	 30.000	180.000	0.020952	0.034741	0.040808	0.054658
 50.000	  0.000	 25.000	180.000	0.019536	0.032176	0.037200	0.048130
 50.000	  0.000	 20.000	180.000	0.019173	0.030092	0.034365	0.043343
 50.000	  0.000	 15.000	180.000	0.018542	0.028918	0.032294	0.039473
 50.000	  0.000	 10.000	180.000	0.017715	0.027844	0.030599	0.036808
 50.000	  0.000	  5.000	180.000	0.017146	0.027063	0.029276	0.034236
 50.000	  0.000	  0.000	  0.000	0.017908	0.026674	0.028363	0.032204
 50.000	  0.000	  5.000	  0.000	0.017378	0.026276	0.027857	0.030917
 50.000	  0.000	 10.000	  0.000	0.017392	0.026343	0.027499	0.029978
 50.000	  0.000	 15.000	  0.000	0.017504	0.026494	0.027425	0.029427
 50.000	  0.000	 20.000	  0.000	0.018099	0.026828	0.027369	0.029384
 50.000	  0.000	 25.000	  0.000	0.019434	0.027466	0.027786	0.029386
 50.000	  0.000	 30.000	  0.000	0.019552	0.028222	0.028274	0.029448
 50.000	  0.000	 35.000	  0.000	0.020303	0.029395	0.029188	0.030500
 50.000	  0.000	 38.000	  0.000	0.021630	0.030176	0.030101	0.031049
 50.000	  0.000	 62.000	  0.000	0.025557	0.033709	0.032610	0.032919
 50.000	  0.000	 65.000	  0.000	0.025479	0.033346	0.032250	0.032675
 50.000	  0.000	 70.000	  0.000	0.024369	0.032847	0.031578	0.031421
 50.000	  0.000	 75.000	  0.000	0.022397	0.032096	0.030569	0.029924
 70.000	  0.000	 75.000	180.000	0.718543	1.161533	1.763504	2.424494
 70.000	  0.000	 70.000	180.000	0.431628	0.671917	0.999802	1.358313
 70.000	  0.000	 65.000	180.000	0.286215	0.430826	0.596793	0.825514
 70.000	  0.000	 60.000	180.000	0.186114	0.274763	0.367950	0.487249
 70.000	  0.000	 55.000	180.000	0.126692	0.185059	0.239628	0.311389
 70.000	  0.000	 50.000	180.000	0.071064	0.130789	0.164505	0.207011
 70.000	  0.000	 45.000	180.000	0.049788	0.097004	0.117763	0.146932
 70.000	  0.000	 40.000	180.000	0.041822	0.074648	0.088992	0.107852
 70.000	  0.000	 35.000	180.000	0.034338	0.059758	0.070175	0.083714
 70.000	  0.000	 30.000	180.000	0.028090	0.049965	0.057411	0.067490
 70.000	  0.000	 25.000	180.000	0.024942	0.042905	0.048320	0.056215
 70.000	  0.000	 20.000	180.000	0.022306	0.037695	0.042214	0.048120
 70.000	  0.000	 15.000	180.000	0.020285	0.034188	0.037441	0.042230
 70.000	  0.000	 10.000	180.000	0.019564	0.031571	0.033847	0.038205
 70.000	  0.000	  5.000	180.000	0.018408	0.029597	0.031874	0.034736
 70.000	  0.000	  0.000	  0.000	0.017200	0.028275	0.029634	0.031996
 70.000	  0.000	  5.000	  0.000	0.017391	0.027218	0.028376	0.030256
 70.000	  0.000	 10.000	  0.000	0.016741	0.026822	0.027539	0.029111
 70.000	  0.000	 15.000	  0.000	0.017275	0.026415	0.026880	0.028455
 70.000	  0.000	 20.000	  0.000	0.017208	0.026429	0.026781	0.027867
 70.000	  0.000	 25.000	  0.000	0.018016	0.026727	0.026664	0.027866
 70.000	  0.000	 30.000	  0.000	0.018114	0.027194	0.027039	0.028064
 70.000	  0.000	 35.000	  0.000	0.019339	0.028068	0.027803	0.028800
 70.000	  0.000	 40.000	  0.000	0.019917	0.029192	0.028964	0.029933
 70.000	  0.000	 45.000	  0.000	0.021146	0.030940	0.030446	0.031850
 70.000	  0.000	 50.000	  0.000	0.023129	0.033218	0.033086	0.034670
 70.000	  0.000	 55.000	  0.000	0.025994	0.036523	0.036760	0.039078
 70.000	  0.000	 58.000	  0.000	0.027786	0.038301	0.036760	0.036900
  0.000	  0.000	 45.000	  0.000	0.017305	0.026486	0.028259	0.031679
