Jacob K	Mon Sep 14 17:51:50 2026
LOFT 12-Cycle Set - Z307 on Invar - small FOV
1059.04 nanometers
114
  45.000	   0.000	   0.000	   0.000	0.169234	0.000580	 0.343
  85.000	  10.000	   0.000	 180.000	0.189276	0.000403	 0.213
  80.000	  10.000	   0.000	 180.000	0.188244	0.000640	 0.340
  75.000	  10.000	   0.000	 180.000	0.186520	0.000466	 0.250
  70.000	  10.000	   0.000	 180.000	0.184692	0.000572	 0.310
  65.000	  10.000	   0.000	 180.000	0.184759	0.000762	 0.412
  60.000	  10.000	   0.000	 180.000	0.185945	0.000575	 0.309
  55.000	  10.000	   0.000	 180.000	0.188424	0.000451	 0.239
  50.000	  10.000	   0.000	 180.000	0.192073	0.000419	 0.218
  45.000	  10.000	   0.000	 180.000	0.200667	0.000556	 0.277
  40.000	  10.000	   0.000	 180.000	0.211984	0.000674	 0.318
  35.000	  10.000	   0.000	 180.000	0.227366	0.000358	 0.158
  30.000	  10.000	   0.000	 180.000	0.237867	0.000569	 0.239
  25.000	  10.000	   0.000	 180.000	0.258012	0.000536	 0.208
  20.000	  10.000	   0.000	 180.000	0.279514	0.000562	 0.201
  15.000	  10.000	   0.000	 180.000	0.273238	0.000708	 0.259
  12.000	  10.000	   0.000	 180.000	0.264572	0.000501	 0.189
  12.000	 -10.000	   0.000	   0.000	0.183337	0.000580	 0.316
  15.000	 -10.000	   0.000	   0.000	0.180227	0.000363	 0.202
  20.000	 -10.000	   0.000	   0.000	0.172695	0.000411	 0.238
  25.000	 -10.000	   0.000	   0.000	0.167051	0.000360	 0.216
  30.000	 -10.000	   0.000	   0.000	0.162597	0.000505	 0.311
  35.000	 -10.000	   0.000	   0.000	0.158523	0.000506	 0.319
  40.000	 -10.000	   0.000	   0.000	0.156010	0.000721	 0.462
  45.000	 -10.000	   0.000	   0.000	0.153170	0.000363	 0.237
  50.000	 -10.000	   0.000	   0.000	0.151574	0.000385	 0.254
  55.000	 -10.000	   0.000	   0.000	0.149505	0.000385	 0.258
  60.000	 -10.000	   0.000	   0.000	0.146194	0.000380	 0.260
  65.000	 -10.000	   0.000	   0.000	0.142210	0.000491	 0.346
 105.000	  30.000	   0.000	 180.000	0.323318	0.001271	 0.393
 100.000	  30.000	   0.000	 180.000	0.292351	0.000698	 0.239
  95.000	  30.000	   0.000	 180.000	0.269595	0.000672	 0.249
  90.000	  30.000	   0.000	 180.000	0.252730	0.000530	 0.210
  85.000	  30.000	   0.000	 180.000	0.240839	0.000885	 0.367
  80.000	  30.000	   0.000	 180.000	0.237230	0.000450	 0.190
  75.000	  30.000	   0.000	 180.000	0.237979	0.000502	 0.211
  70.000	  30.000	   0.000	 180.000	0.233451	0.000469	 0.201
  65.000	  30.000	   0.000	 180.000	0.235106	0.000632	 0.269
  60.000	  30.000	   0.000	 180.000	0.245394	0.000489	 0.199
  55.000	  30.000	   0.000	 180.000	0.236509	0.000576	 0.243
  50.000	  30.000	   0.000	 180.000	0.230991	0.000495	 0.214
  45.000	  30.000	   0.000	 180.000	0.213202	0.000491	 0.230
  40.000	  30.000	   0.000	 180.000	0.191396	0.000235	 0.123
  35.000	  30.000	   0.000	 180.000	0.175952	0.000544	 0.309
  30.000	  30.000	   0.000	 180.000	0.164312	0.000497	 0.303
  25.000	  30.000	   0.000	 180.000	0.158235	0.000784	 0.496
  20.000	  30.000	   0.000	 180.000	0.153249	0.000405	 0.264
  15.000	  30.000	   0.000	 180.000	0.151295	0.000462	 0.305
  12.000	  30.000	   0.000	 180.000	0.151412	0.000693	 0.458
  12.000	 -30.000	   0.000	   0.000	0.143139	0.000419	 0.292
  15.000	 -30.000	   0.000	   0.000	0.141539	0.000377	 0.267
  20.000	 -30.000	   0.000	   0.000	0.137361	0.000306	 0.222
  25.000	 -30.000	   0.000	   0.000	0.134401	0.000480	 0.357
  30.000	 -30.000	   0.000	   0.000	0.131742	0.000627	 0.476
  35.000	 -30.000	   0.000	   0.000	0.128271	0.000378	 0.295
  40.000	 -30.000	   0.000	   0.000	0.124060	0.000431	 0.347
  45.000	 -30.000	   0.000	   0.000	0.117895	0.000429	 0.364
 125.000	  50.000	   0.000	 180.000	0.871464	0.001877	 0.215
 120.000	  50.000	   0.000	 180.000	0.679408	0.001725	 0.254
 115.000	  50.000	   0.000	 180.000	0.542185	0.001261	 0.233
 110.000	  50.000	   0.000	 180.000	0.440190	0.000991	 0.225
 105.000	  50.000	   0.000	 180.000	0.370809	0.001169	 0.315
 100.000	  50.000	   0.000	 180.000	0.328624	0.000883	 0.269
  95.000	  50.000	   0.000	 180.000	0.290359	0.000481	 0.166
  90.000	  50.000	   0.000	 180.000	0.272679	0.000696	 0.255
  85.000	  50.000	   0.000	 180.000	0.223006	0.000585	 0.262
  80.000	  50.000	   0.000	 180.000	0.187708	0.000608	 0.324
  75.000	  50.000	   0.000	 180.000	0.165290	0.000302	 0.183
  70.000	  50.000	   0.000	 180.000	0.148850	0.000452	 0.304
  65.000	  50.000	   0.000	 180.000	0.135557	0.000365	 0.269
  60.000	  50.000	   0.000	 180.000	0.126406	0.000341	 0.270
  55.000	  50.000	   0.000	 180.000	0.117572	0.000328	 0.279
  50.000	  50.000	   0.000	 180.000	0.110596	0.000398	 0.360
  45.000	  50.000	   0.000	 180.000	0.106176	0.000418	 0.394
  40.000	  50.000	   0.000	 180.000	0.102950	0.000363	 0.352
  35.000	  50.000	   0.000	 180.000	0.101059	0.000263	 0.260
  30.000	  50.000	   0.000	 180.000	0.100909	0.000390	 0.386
  25.000	  50.000	   0.000	 180.000	0.100916	0.000329	 0.326
  20.000	  50.000	   0.000	 180.000	0.101130	0.000355	 0.351
  15.000	  50.000	   0.000	 180.000	0.104744	0.000302	 0.288
  12.000	  50.000	   0.000	 180.000	0.106630	0.000284	 0.267
  12.000	 -50.000	   0.000	   0.000	0.113050	0.000381	 0.337
  15.000	 -50.000	   0.000	   0.000	0.112211	0.000317	 0.282
  20.000	 -50.000	   0.000	   0.000	0.107907	0.000287	 0.266
  25.000	 -50.000	   0.000	   0.000	0.102765	0.000319	 0.311
 145.000	  70.000	   0.000	 180.000	4.430283	0.018686	 0.422
 140.000	  70.000	   0.000	 180.000	2.482048	0.005151	 0.208
 135.000	  70.000	   0.000	 180.000	1.508464	0.004503	 0.299
 130.000	  70.000	   0.000	 180.000	0.890351	0.002587	 0.291
 125.000	  70.000	   0.000	 180.000	0.569001	0.002082	 0.366
 120.000	  70.000	   0.000	 180.000	0.378272	0.001041	 0.275
 115.000	  70.000	   0.000	 180.000	0.268490	0.000792	 0.295
 110.000	  70.000	   0.000	 180.000	0.197078	0.000546	 0.277
 105.000	  70.000	   0.000	 180.000	0.152971	0.000441	 0.288
 100.000	  70.000	   0.000	 180.000	0.123324	0.000361	 0.293
  95.000	  70.000	   0.000	 180.000	0.102722	0.000390	 0.379
  90.000	  70.000	   0.000	 180.000	0.087929	0.000274	 0.312
  85.000	  70.000	   0.000	 180.000	0.077167	0.000271	 0.351
  80.000	  70.000	   0.000	 180.000	0.069813	0.000400	 0.573
  75.000	  70.000	   0.000	 180.000	0.063474	0.000255	 0.402
  70.000	  70.000	   0.000	 180.000	0.058467	0.000208	 0.355
  65.000	  70.000	   0.000	 180.000	0.055287	0.000286	 0.517
  60.000	  70.000	   0.000	 180.000	0.053194	0.000242	 0.456
  55.000	  70.000	   0.000	 180.000	0.051996	0.000348	 0.669
  50.000	  70.000	   0.000	 180.000	0.050922	0.000199	 0.390
  45.000	  70.000	   0.000	 180.000	0.050919	0.000257	 0.505
  40.000	  70.000	   0.000	 180.000	0.051281	0.000232	 0.452
  35.000	  70.000	   0.000	 180.000	0.052626	0.000269	 0.511
  30.000	  70.000	   0.000	 180.000	0.054697	0.000300	 0.548
  25.000	  70.000	   0.000	 180.000	0.058200	0.000231	 0.397
  20.000	  70.000	   0.000	 180.000	0.063352	0.000224	 0.353
  15.000	  70.000	   0.000	 180.000	0.071408	0.000291	 0.407
  12.000	  70.000	   0.000	 180.000	0.067427	0.000292	 0.433
  45.000	   0.000	   0.000	   0.000	0.169251	0.000464	 0.274
1.0000	1059.04	8.000	10
-0.002429 +- 0.000094 = dark 1
-0.002371 +- 0.000073 = dark 2
 0.000058 = dark 2 - dark 1
11 = filter number
