Jacob K	Mon Sep 14 17:01:59 2026
LOFT 12-Cycle Set - Z307 on Invar - small FOV
 385.65 nanometers
114
  45.000	   0.000	   0.000	   0.000	0.058190	0.006384	10.970
  85.000	  10.000	   0.000	 180.000	0.064599	0.000843	 1.304
  80.000	  10.000	   0.000	 180.000	0.064086	0.007428	11.591
  75.000	  10.000	   0.000	 180.000	0.061627	0.007254	11.770
  70.000	  10.000	   0.000	 180.000	0.060106	0.006781	11.283
  65.000	  10.000	   0.000	 180.000	0.056597	0.000794	 1.403
  60.000	  10.000	   0.000	 180.000	0.055926	0.001008	 1.802
  55.000	  10.000	   0.000	 180.000	0.057508	0.006122	10.646
  50.000	  10.000	   0.000	 180.000	0.057886	0.006656	11.499
  45.000	  10.000	   0.000	 180.000	0.056716	0.001418	 2.500
  40.000	  10.000	   0.000	 180.000	0.059403	0.006678	11.241
  35.000	  10.000	   0.000	 180.000	0.062793	0.008362	13.317
  30.000	  10.000	   0.000	 180.000	0.064251	0.008589	13.368
  25.000	  10.000	   0.000	 180.000	0.066625	0.008374	12.570
  20.000	  10.000	   0.000	 180.000	0.068350	0.006445	 9.430
  15.000	  10.000	   0.000	 180.000	0.070198	0.006311	 8.990
  12.000	  10.000	   0.000	 180.000	0.071184	0.005899	 8.287
  12.000	 -10.000	   0.000	   0.000	0.065776	0.001184	 1.800
  15.000	 -10.000	   0.000	   0.000	0.065790	0.006107	 9.283
  20.000	 -10.000	   0.000	   0.000	0.061014	0.001065	 1.745
  25.000	 -10.000	   0.000	   0.000	0.060990	0.006038	 9.900
  30.000	 -10.000	   0.000	   0.000	0.057516	0.000984	 1.710
  35.000	 -10.000	   0.000	   0.000	0.056598	0.000841	 1.486
  40.000	 -10.000	   0.000	   0.000	0.058066	0.006643	11.441
  45.000	 -10.000	   0.000	   0.000	0.055408	0.000920	 1.660
  50.000	 -10.000	   0.000	   0.000	0.057417	0.006463	11.256
  55.000	 -10.000	   0.000	   0.000	0.055501	0.000890	 1.604
  60.000	 -10.000	   0.000	   0.000	0.055661	0.000993	 1.784
  65.000	 -10.000	   0.000	   0.000	0.057929	0.006455	11.142
 105.000	  30.000	   0.000	 180.000	0.129527	0.000972	 0.751
 100.000	  30.000	   0.000	 180.000	0.112785	0.001090	 0.967
  95.000	  30.000	   0.000	 180.000	0.074172	0.009468	12.765
  90.000	  30.000	   0.000	 180.000	0.067535	0.008954	13.258
  85.000	  30.000	   0.000	 180.000	0.065386	0.010258	15.688
  80.000	  30.000	   0.000	 180.000	0.062139	0.009068	14.594
  75.000	  30.000	   0.000	 180.000	0.059795	0.008298	13.877
  70.000	  30.000	   0.000	 180.000	0.054606	0.000857	 1.569
  65.000	  30.000	   0.000	 180.000	0.053862	0.000814	 1.511
  60.000	  30.000	   0.000	 180.000	0.054108	0.000849	 1.569
  55.000	  30.000	   0.000	 180.000	0.053066	0.000941	 1.773
  50.000	  30.000	   0.000	 180.000	0.054256	0.005863	10.806
  45.000	  30.000	   0.000	 180.000	0.053158	0.005425	10.206
  40.000	  30.000	   0.000	 180.000	0.053770	0.006666	12.397
  35.000	  30.000	   0.000	 180.000	0.050591	0.000800	 1.582
  30.000	  30.000	   0.000	 180.000	0.052621	0.005344	10.156
  25.000	  30.000	   0.000	 180.000	0.053167	0.004628	 8.704
  20.000	  30.000	   0.000	 180.000	0.054581	0.004785	 8.767
  15.000	  30.000	   0.000	 180.000	0.057296	0.004807	 8.390
  12.000	  30.000	   0.000	 180.000	0.059291	0.004508	 7.603
  12.000	 -30.000	   0.000	   0.000	0.063291	0.006414	10.134
  15.000	 -30.000	   0.000	   0.000	0.060260	0.005297	 8.791
  20.000	 -30.000	   0.000	   0.000	0.056347	0.001112	 1.973
  25.000	 -30.000	   0.000	   0.000	0.055080	0.000829	 1.506
  30.000	 -30.000	   0.000	   0.000	0.053924	0.001013	 1.878
  35.000	 -30.000	   0.000	   0.000	0.056685	0.007203	12.707
  40.000	 -30.000	   0.000	   0.000	0.054055	0.005448	10.079
  45.000	 -30.000	   0.000	   0.000	0.053146	0.005323	10.015
 125.000	  50.000	   0.000	 180.000	0.263245	0.002043	 0.776
 120.000	  50.000	   0.000	 180.000	0.201030	0.001602	 0.797
 115.000	  50.000	   0.000	 180.000	0.158197	0.003604	 2.278
 110.000	  50.000	   0.000	 180.000	0.127677	0.001002	 0.785
 105.000	  50.000	   0.000	 180.000	0.081311	0.013236	16.278
 100.000	  50.000	   0.000	 180.000	0.068652	0.008471	12.339
  95.000	  50.000	   0.000	 180.000	0.060637	0.007370	12.154
  90.000	  50.000	   0.000	 180.000	0.056568	0.006003	10.613
  85.000	  50.000	   0.000	 180.000	0.048516	0.001210	 2.494
  80.000	  50.000	   0.000	 180.000	0.045440	0.004124	 9.075
  75.000	  50.000	   0.000	 180.000	0.042369	0.003385	 7.989
  70.000	  50.000	   0.000	 180.000	0.041583	0.003967	 9.541
  65.000	  50.000	   0.000	 180.000	0.040213	0.003808	 9.470
  60.000	  50.000	   0.000	 180.000	0.038419	0.002838	 7.387
  55.000	  50.000	   0.000	 180.000	0.037186	0.000862	 2.319
  50.000	  50.000	   0.000	 180.000	0.038838	0.003728	 9.600
  45.000	  50.000	   0.000	 180.000	0.037690	0.002576	 6.835
  40.000	  50.000	   0.000	 180.000	0.037720	0.002424	 6.426
  35.000	  50.000	   0.000	 180.000	0.037963	0.000742	 1.954
  30.000	  50.000	   0.000	 180.000	0.039252	0.002855	 7.274
  25.000	  50.000	   0.000	 180.000	0.042149	0.004059	 9.629
  20.000	  50.000	   0.000	 180.000	0.042405	0.002842	 6.703
  15.000	  50.000	   0.000	 180.000	0.044032	0.001031	 2.341
  12.000	  50.000	   0.000	 180.000	0.046911	0.002922	 6.228
  12.000	 -50.000	   0.000	   0.000	0.055427	0.005124	 9.245
  15.000	 -50.000	   0.000	   0.000	0.055258	0.005902	10.680
  20.000	 -50.000	   0.000	   0.000	0.052852	0.005739	10.858
  25.000	 -50.000	   0.000	   0.000	0.048575	0.000902	 1.857
 145.000	  70.000	   0.000	 180.000	0.829187	0.002301	 0.278
 140.000	  70.000	   0.000	 180.000	0.498091	0.002445	 0.491
 135.000	  70.000	   0.000	 180.000	0.330287	0.001344	 0.407
 130.000	  70.000	   0.000	 180.000	0.214773	0.001379	 0.642
 125.000	  70.000	   0.000	 180.000	0.146201	0.001283	 0.877
 120.000	  70.000	   0.000	 180.000	0.082007	0.015038	18.337
 115.000	  70.000	   0.000	 180.000	0.057454	0.006440	11.209
 110.000	  70.000	   0.000	 180.000	0.048262	0.006274	13.000
 105.000	  70.000	   0.000	 180.000	0.039626	0.003860	 9.740
 100.000	  70.000	   0.000	 180.000	0.032415	0.001465	 4.520
  95.000	  70.000	   0.000	 180.000	0.028783	0.001167	 4.054
  90.000	  70.000	   0.000	 180.000	0.025741	0.000836	 3.246
  85.000	  70.000	   0.000	 180.000	0.023408	0.001193	 5.096
  80.000	  70.000	   0.000	 180.000	0.022577	0.001049	 4.648
  75.000	  70.000	   0.000	 180.000	0.021242	0.001546	 7.278
  70.000	  70.000	   0.000	 180.000	0.019849	0.002466	12.422
  65.000	  70.000	   0.000	 180.000	0.020069	0.002070	10.316
  60.000	  70.000	   0.000	 180.000	0.019319	0.002179	11.280
  55.000	  70.000	   0.000	 180.000	0.019935	0.001730	 8.680
  50.000	  70.000	   0.000	 180.000	0.019858	0.002259	11.378
  45.000	  70.000	   0.000	 180.000	0.020790	0.000817	 3.930
  40.000	  70.000	   0.000	 180.000	0.020903	0.001620	 7.749
  35.000	  70.000	   0.000	 180.000	0.022317	0.000954	 4.274
  30.000	  70.000	   0.000	 180.000	0.022984	0.001540	 6.702
  25.000	  70.000	   0.000	 180.000	0.024402	0.001204	 4.933
  20.000	  70.000	   0.000	 180.000	0.026691	0.000921	 3.452
  15.000	  70.000	   0.000	 180.000	0.029997	0.001273	 4.245
  12.000	  70.000	   0.000	 180.000	0.032065	0.001258	 3.923
  45.000	   0.000	   0.000	   0.000	0.058389	0.006149	10.532
1.0000	 385.65	8.000	11
-0.009425 +- 0.000563 = dark 1
-0.009338 +- 0.000326 = dark 2
 0.000087 = dark 2 - dark 1
7 = filter number
