Jacob K	Mon Sep 14 16:37:24 2026
LOFT 12-Cycle Set - Z307 on Invar - small FOV
 630.79 nanometers
114
  45.000	   0.000	   0.000	   0.000	0.127662	0.000408	 0.319
  85.000	  10.000	   0.000	 180.000	0.156710	0.000466	 0.298
  80.000	  10.000	   0.000	 180.000	0.149102	0.000399	 0.268
  75.000	  10.000	   0.000	 180.000	0.142710	0.000444	 0.311
  70.000	  10.000	   0.000	 180.000	0.137874	0.000519	 0.376
  65.000	  10.000	   0.000	 180.000	0.134450	0.000870	 0.647
  60.000	  10.000	   0.000	 180.000	0.131329	0.000347	 0.264
  55.000	  10.000	   0.000	 180.000	0.129489	0.000400	 0.309
  50.000	  10.000	   0.000	 180.000	0.128395	0.000390	 0.304
  45.000	  10.000	   0.000	 180.000	0.128237	0.000380	 0.296
  40.000	  10.000	   0.000	 180.000	0.129931	0.000395	 0.304
  35.000	  10.000	   0.000	 180.000	0.129954	0.000415	 0.320
  30.000	  10.000	   0.000	 180.000	0.131801	0.000950	 0.721
  25.000	  10.000	   0.000	 180.000	0.134861	0.000524	 0.389
  20.000	  10.000	   0.000	 180.000	0.137355	0.000545	 0.397
  15.000	  10.000	   0.000	 180.000	0.138897	0.000374	 0.269
  12.000	  10.000	   0.000	 180.000	0.139801	0.000606	 0.434
  12.000	 -10.000	   0.000	   0.000	0.134026	0.000446	 0.332
  15.000	 -10.000	   0.000	   0.000	0.132304	0.000449	 0.340
  20.000	 -10.000	   0.000	   0.000	0.129451	0.000435	 0.336
  25.000	 -10.000	   0.000	   0.000	0.127392	0.000474	 0.372
  30.000	 -10.000	   0.000	   0.000	0.126295	0.000459	 0.363
  35.000	 -10.000	   0.000	   0.000	0.125219	0.000555	 0.443
  40.000	 -10.000	   0.000	   0.000	0.124789	0.000415	 0.332
  45.000	 -10.000	   0.000	   0.000	0.125021	0.000669	 0.535
  50.000	 -10.000	   0.000	   0.000	0.124597	0.000486	 0.390
  55.000	 -10.000	   0.000	   0.000	0.125179	0.000384	 0.306
  60.000	 -10.000	   0.000	   0.000	0.126310	0.000359	 0.284
  65.000	 -10.000	   0.000	   0.000	0.127101	0.000464	 0.365
 105.000	  30.000	   0.000	 180.000	0.237521	0.000811	 0.341
 100.000	  30.000	   0.000	 180.000	0.206567	0.000470	 0.227
  95.000	  30.000	   0.000	 180.000	0.184218	0.000517	 0.281
  90.000	  30.000	   0.000	 180.000	0.166992	0.000433	 0.259
  85.000	  30.000	   0.000	 180.000	0.152966	0.000703	 0.460
  80.000	  30.000	   0.000	 180.000	0.143840	0.000515	 0.358
  75.000	  30.000	   0.000	 180.000	0.135978	0.000361	 0.265
  70.000	  30.000	   0.000	 180.000	0.131429	0.000340	 0.259
  65.000	  30.000	   0.000	 180.000	0.127343	0.000310	 0.244
  60.000	  30.000	   0.000	 180.000	0.126000	0.000372	 0.295
  55.000	  30.000	   0.000	 180.000	0.122485	0.000451	 0.368
  50.000	  30.000	   0.000	 180.000	0.119380	0.000433	 0.363
  45.000	  30.000	   0.000	 180.000	0.117089	0.000681	 0.581
  40.000	  30.000	   0.000	 180.000	0.114507	0.000245	 0.214
  35.000	  30.000	   0.000	 180.000	0.112553	0.000597	 0.531
  30.000	  30.000	   0.000	 180.000	0.112386	0.000519	 0.462
  25.000	  30.000	   0.000	 180.000	0.113296	0.000385	 0.340
  20.000	  30.000	   0.000	 180.000	0.113906	0.000446	 0.391
  15.000	  30.000	   0.000	 180.000	0.116353	0.000331	 0.285
  12.000	  30.000	   0.000	 180.000	0.118225	0.000454	 0.384
  12.000	 -30.000	   0.000	   0.000	0.120948	0.000410	 0.339
  15.000	 -30.000	   0.000	   0.000	0.119133	0.000707	 0.594
  20.000	 -30.000	   0.000	   0.000	0.117784	0.000318	 0.270
  25.000	 -30.000	   0.000	   0.000	0.116035	0.000239	 0.206
  30.000	 -30.000	   0.000	   0.000	0.114753	0.000405	 0.353
  35.000	 -30.000	   0.000	   0.000	0.113976	0.000424	 0.372
  40.000	 -30.000	   0.000	   0.000	0.112855	0.000436	 0.386
  45.000	 -30.000	   0.000	   0.000	0.111635	0.000341	 0.305
 125.000	  50.000	   0.000	 180.000	0.526065	0.001066	 0.203
 120.000	  50.000	   0.000	 180.000	0.397825	0.001069	 0.269
 115.000	  50.000	   0.000	 180.000	0.308084	0.001126	 0.366
 110.000	  50.000	   0.000	 180.000	0.249054	0.000903	 0.363
 105.000	  50.000	   0.000	 180.000	0.205760	0.000799	 0.388
 100.000	  50.000	   0.000	 180.000	0.176640	0.000396	 0.224
  95.000	  50.000	   0.000	 180.000	0.152137	0.000506	 0.333
  90.000	  50.000	   0.000	 180.000	0.136568	0.000638	 0.467
  85.000	  50.000	   0.000	 180.000	0.120012	0.000498	 0.415
  80.000	  50.000	   0.000	 180.000	0.107432	0.000248	 0.231
  75.000	  50.000	   0.000	 180.000	0.099502	0.000390	 0.392
  70.000	  50.000	   0.000	 180.000	0.093057	0.000309	 0.332
  65.000	  50.000	   0.000	 180.000	0.089427	0.000303	 0.339
  60.000	  50.000	   0.000	 180.000	0.086104	0.000287	 0.334
  55.000	  50.000	   0.000	 180.000	0.083688	0.000362	 0.433
  50.000	  50.000	   0.000	 180.000	0.082485	0.000481	 0.584
  45.000	  50.000	   0.000	 180.000	0.081255	0.000353	 0.434
  40.000	  50.000	   0.000	 180.000	0.081463	0.000238	 0.292
  35.000	  50.000	   0.000	 180.000	0.081931	0.000307	 0.375
  30.000	  50.000	   0.000	 180.000	0.082962	0.000248	 0.299
  25.000	  50.000	   0.000	 180.000	0.084935	0.000307	 0.361
  20.000	  50.000	   0.000	 180.000	0.087272	0.000438	 0.502
  15.000	  50.000	   0.000	 180.000	0.090902	0.000348	 0.382
  12.000	  50.000	   0.000	 180.000	0.093317	0.000464	 0.497
  12.000	 -50.000	   0.000	   0.000	0.104241	0.000373	 0.358
  15.000	 -50.000	   0.000	   0.000	0.103119	0.000376	 0.364
  20.000	 -50.000	   0.000	   0.000	0.101577	0.000270	 0.265
  25.000	 -50.000	   0.000	   0.000	0.099252	0.000339	 0.342
 145.000	  70.000	   0.000	 180.000	1.911213	0.006992	 0.366
 140.000	  70.000	   0.000	 180.000	1.105588	0.002884	 0.261
 135.000	  70.000	   0.000	 180.000	0.708892	0.001482	 0.209
 130.000	  70.000	   0.000	 180.000	0.452101	0.001470	 0.325
 125.000	  70.000	   0.000	 180.000	0.304501	0.000543	 0.178
 120.000	  70.000	   0.000	 180.000	0.215204	0.000745	 0.346
 115.000	  70.000	   0.000	 180.000	0.159612	0.000638	 0.400
 110.000	  70.000	   0.000	 180.000	0.122827	0.000567	 0.462
 105.000	  70.000	   0.000	 180.000	0.098327	0.000312	 0.317
 100.000	  70.000	   0.000	 180.000	0.082214	0.000297	 0.361
  95.000	  70.000	   0.000	 180.000	0.070597	0.000249	 0.353
  90.000	  70.000	   0.000	 180.000	0.062024	0.000318	 0.513
  85.000	  70.000	   0.000	 180.000	0.056253	0.000394	 0.700
  80.000	  70.000	   0.000	 180.000	0.051947	0.000277	 0.533
  75.000	  70.000	   0.000	 180.000	0.048700	0.000232	 0.477
  70.000	  70.000	   0.000	 180.000	0.046524	0.000217	 0.466
  65.000	  70.000	   0.000	 180.000	0.044785	0.000247	 0.550
  60.000	  70.000	   0.000	 180.000	0.044134	0.000266	 0.603
  55.000	  70.000	   0.000	 180.000	0.043464	0.000266	 0.613
  50.000	  70.000	   0.000	 180.000	0.043487	0.000260	 0.598
  45.000	  70.000	   0.000	 180.000	0.043978	0.000196	 0.445
  40.000	  70.000	   0.000	 180.000	0.044745	0.000254	 0.567
  35.000	  70.000	   0.000	 180.000	0.046183	0.000264	 0.571
  30.000	  70.000	   0.000	 180.000	0.048034	0.000232	 0.484
  25.000	  70.000	   0.000	 180.000	0.050910	0.000305	 0.600
  20.000	  70.000	   0.000	 180.000	0.054657	0.000277	 0.506
  15.000	  70.000	   0.000	 180.000	0.060096	0.000286	 0.475
  12.000	  70.000	   0.000	 180.000	0.063022	0.000274	 0.435
  45.000	   0.000	   0.000	   0.000	0.127423	0.000451	 0.354
1.0000	 630.79	8.000	10
-0.002747 +- 0.000093 = dark 1
-0.002427 +- 0.000066 = dark 2
 0.000320 = dark 2 - dark 1
4 = filter number
