Jacob K	Mon Sep 14 17:27:20 2026
LOFT 12-Cycle Set - Z307 on Invar - small FOV
 852.23 nanometers
114
  45.000	   0.000	   0.000	   0.000	0.029041	0.000127	 0.438
  85.000	  10.000	   0.000	 180.000	0.035360	0.000107	 0.304
  80.000	  10.000	   0.000	 180.000	0.033901	0.000070	 0.205
  75.000	  10.000	   0.000	 180.000	0.032832	0.000074	 0.225
  70.000	  10.000	   0.000	 180.000	0.031920	0.000150	 0.471
  65.000	  10.000	   0.000	 180.000	0.031159	0.000104	 0.333
  60.000	  10.000	   0.000	 180.000	0.030452	0.000098	 0.322
  55.000	  10.000	   0.000	 180.000	0.030488	0.000084	 0.275
  50.000	  10.000	   0.000	 180.000	0.030182	0.000139	 0.460
  45.000	  10.000	   0.000	 180.000	0.030639	0.000109	 0.357
  40.000	  10.000	   0.000	 180.000	0.031068	0.000127	 0.408
  35.000	  10.000	   0.000	 180.000	0.031855	0.000126	 0.394
  30.000	  10.000	   0.000	 180.000	0.032414	0.000106	 0.328
  25.000	  10.000	   0.000	 180.000	0.033523	0.000093	 0.279
  20.000	  10.000	   0.000	 180.000	0.034676	0.000105	 0.303
  15.000	  10.000	   0.000	 180.000	0.034646	0.000098	 0.282
  12.000	  10.000	   0.000	 180.000	0.034440	0.000142	 0.413
  12.000	 -10.000	   0.000	   0.000	0.030421	0.000080	 0.263
  15.000	 -10.000	   0.000	   0.000	0.030125	0.000086	 0.287
  20.000	 -10.000	   0.000	   0.000	0.029312	0.000153	 0.522
  25.000	 -10.000	   0.000	   0.000	0.028570	0.000102	 0.358
  30.000	 -10.000	   0.000	   0.000	0.028244	0.000134	 0.474
  35.000	 -10.000	   0.000	   0.000	0.027880	0.000113	 0.407
  40.000	 -10.000	   0.000	   0.000	0.027662	0.000098	 0.353
  45.000	 -10.000	   0.000	   0.000	0.027580	0.000089	 0.324
  50.000	 -10.000	   0.000	   0.000	0.027459	0.000112	 0.408
  55.000	 -10.000	   0.000	   0.000	0.027531	0.000118	 0.428
  60.000	 -10.000	   0.000	   0.000	0.027440	0.000090	 0.329
  65.000	 -10.000	   0.000	   0.000	0.027235	0.000083	 0.305
 105.000	  30.000	   0.000	 180.000	0.056898	0.000200	 0.352
 100.000	  30.000	   0.000	 180.000	0.050533	0.000191	 0.377
  95.000	  30.000	   0.000	 180.000	0.045198	0.000125	 0.277
  90.000	  30.000	   0.000	 180.000	0.041116	0.000214	 0.522
  85.000	  30.000	   0.000	 180.000	0.038024	0.000177	 0.467
  80.000	  30.000	   0.000	 180.000	0.035664	0.000128	 0.358
  75.000	  30.000	   0.000	 180.000	0.033985	0.000118	 0.346
  70.000	  30.000	   0.000	 180.000	0.032776	0.000110	 0.335
  65.000	  30.000	   0.000	 180.000	0.031839	0.000103	 0.324
  60.000	  30.000	   0.000	 180.000	0.031564	0.000150	 0.477
  55.000	  30.000	   0.000	 180.000	0.030679	0.000160	 0.523
  50.000	  30.000	   0.000	 180.000	0.029928	0.000109	 0.365
  45.000	  30.000	   0.000	 180.000	0.028811	0.000104	 0.361
  40.000	  30.000	   0.000	 180.000	0.027540	0.000112	 0.406
  35.000	  30.000	   0.000	 180.000	0.026961	0.000053	 0.196
  30.000	  30.000	   0.000	 180.000	0.026238	0.000090	 0.344
  25.000	  30.000	   0.000	 180.000	0.025894	0.000116	 0.446
  20.000	  30.000	   0.000	 180.000	0.025908	0.000055	 0.213
  15.000	  30.000	   0.000	 180.000	0.025943	0.000098	 0.377
  12.000	  30.000	   0.000	 180.000	0.026130	0.000088	 0.337
  12.000	 -30.000	   0.000	   0.000	0.025922	0.000073	 0.281
  15.000	 -30.000	   0.000	   0.000	0.025806	0.000079	 0.305
  20.000	 -30.000	   0.000	   0.000	0.025196	0.000076	 0.301
  25.000	 -30.000	   0.000	   0.000	0.024849	0.000071	 0.287
  30.000	 -30.000	   0.000	   0.000	0.024552	0.000092	 0.376
  35.000	 -30.000	   0.000	   0.000	0.024168	0.000143	 0.593
  40.000	 -30.000	   0.000	   0.000	0.023686	0.000110	 0.462
  45.000	 -30.000	   0.000	   0.000	0.023141	0.000097	 0.419
 125.000	  50.000	   0.000	 180.000	0.139973	0.000368	 0.263
 120.000	  50.000	   0.000	 180.000	0.107732	0.000276	 0.256
 115.000	  50.000	   0.000	 180.000	0.083439	0.000199	 0.238
 110.000	  50.000	   0.000	 180.000	0.066684	0.000180	 0.270
 105.000	  50.000	   0.000	 180.000	0.054116	0.000261	 0.481
 100.000	  50.000	   0.000	 180.000	0.046073	0.000183	 0.398
  95.000	  50.000	   0.000	 180.000	0.039488	0.000117	 0.295
  90.000	  50.000	   0.000	 180.000	0.035608	0.000134	 0.375
  85.000	  50.000	   0.000	 180.000	0.030845	0.000098	 0.319
  80.000	  50.000	   0.000	 180.000	0.027014	0.000134	 0.495
  75.000	  50.000	   0.000	 180.000	0.024626	0.000089	 0.362
  70.000	  50.000	   0.000	 180.000	0.022749	0.000116	 0.511
  65.000	  50.000	   0.000	 180.000	0.021378	0.000093	 0.434
  60.000	  50.000	   0.000	 180.000	0.020256	0.000106	 0.524
  55.000	  50.000	   0.000	 180.000	0.019380	0.000070	 0.360
  50.000	  50.000	   0.000	 180.000	0.018776	0.000079	 0.423
  45.000	  50.000	   0.000	 180.000	0.018441	0.000108	 0.583
  40.000	  50.000	   0.000	 180.000	0.018204	0.000083	 0.455
  35.000	  50.000	   0.000	 180.000	0.018155	0.000080	 0.440
  30.000	  50.000	   0.000	 180.000	0.018118	0.000069	 0.381
  25.000	  50.000	   0.000	 180.000	0.018394	0.000079	 0.428
  20.000	  50.000	   0.000	 180.000	0.018717	0.000100	 0.533
  15.000	  50.000	   0.000	 180.000	0.019322	0.000077	 0.401
  12.000	  50.000	   0.000	 180.000	0.019926	0.000107	 0.537
  12.000	 -50.000	   0.000	   0.000	0.021587	0.000078	 0.360
  15.000	 -50.000	   0.000	   0.000	0.021349	0.000088	 0.412
  20.000	 -50.000	   0.000	   0.000	0.020904	0.000065	 0.313
  25.000	 -50.000	   0.000	   0.000	0.020236	0.000100	 0.495
 145.000	  70.000	   0.000	 180.000	0.621164	0.002168	 0.349
 140.000	  70.000	   0.000	 180.000	0.352163	0.001256	 0.357
 135.000	  70.000	   0.000	 180.000	0.210210	0.000417	 0.198
 130.000	  70.000	   0.000	 180.000	0.129604	0.000501	 0.387
 125.000	  70.000	   0.000	 180.000	0.084405	0.000353	 0.418
 120.000	  70.000	   0.000	 180.000	0.057944	0.000246	 0.425
 115.000	  70.000	   0.000	 180.000	0.041480	0.000121	 0.291
 110.000	  70.000	   0.000	 180.000	0.031346	0.000155	 0.493
 105.000	  70.000	   0.000	 180.000	0.024718	0.000103	 0.418
 100.000	  70.000	   0.000	 180.000	0.020222	0.000084	 0.414
  95.000	  70.000	   0.000	 180.000	0.017020	0.000093	 0.549
  90.000	  70.000	   0.000	 180.000	0.014869	0.000082	 0.553
  85.000	  70.000	   0.000	 180.000	0.013188	0.000084	 0.637
  80.000	  70.000	   0.000	 180.000	0.011922	0.000065	 0.545
  75.000	  70.000	   0.000	 180.000	0.011227	0.000078	 0.694
  70.000	  70.000	   0.000	 180.000	0.010438	0.000089	 0.855
  65.000	  70.000	   0.000	 180.000	0.009995	0.000056	 0.561
  60.000	  70.000	   0.000	 180.000	0.009700	0.000060	 0.620
  55.000	  70.000	   0.000	 180.000	0.009468	0.000056	 0.587
  50.000	  70.000	   0.000	 180.000	0.009433	0.000060	 0.632
  45.000	  70.000	   0.000	 180.000	0.009392	0.000069	 0.736
  40.000	  70.000	   0.000	 180.000	0.009524	0.000068	 0.710
  35.000	  70.000	   0.000	 180.000	0.009793	0.000044	 0.452
  30.000	  70.000	   0.000	 180.000	0.010202	0.000081	 0.790
  25.000	  70.000	   0.000	 180.000	0.010724	0.000069	 0.644
  20.000	  70.000	   0.000	 180.000	0.011654	0.000076	 0.650
  15.000	  70.000	   0.000	 180.000	0.012948	0.000070	 0.543
  12.000	  70.000	   0.000	 180.000	0.012948	0.000069	 0.534
  45.000	   0.000	   0.000	   0.000	0.029103	0.000103	 0.355
1.0000	 852.23	8.000	9
-0.000238 +- 0.000025 = dark 1
-0.000360 +- 0.000026 = dark 2
-0.000123 = dark 2 - dark 1
9 = filter number
