nik	Thu Jul 16 15:19:37 2026
LOFT 12" sample Aluminum 6061 optical black anodize
 385.65 nanometers
114
  45.000	   0.000	   0.000	   0.000	0.318225	0.009631	 3.026
  85.000	  10.000	   0.000	 180.000	0.483025	0.008957	 1.854
  80.000	  10.000	   0.000	 180.000	0.445251	0.009183	 2.063
  75.000	  10.000	   0.000	 180.000	0.416396	0.009428	 2.264
  70.000	  10.000	   0.000	 180.000	0.393065	0.009255	 2.355
  65.000	  10.000	   0.000	 180.000	0.375213	0.009797	 2.611
  60.000	  10.000	   0.000	 180.000	0.362744	0.009273	 2.556
  55.000	  10.000	   0.000	 180.000	0.353009	0.010127	 2.869
  50.000	  10.000	   0.000	 180.000	0.345279	0.009273	 2.686
  45.000	  10.000	   0.000	 180.000	0.339259	0.010497	 3.094
  40.000	  10.000	   0.000	 180.000	0.336684	0.009255	 2.749
  35.000	  10.000	   0.000	 180.000	0.334373	0.009542	 2.854
  30.000	  10.000	   0.000	 180.000	0.330412	0.009468	 2.866
  25.000	  10.000	   0.000	 180.000	0.330741	0.009231	 2.791
  20.000	  10.000	   0.000	 180.000	0.329681	0.009099	 2.760
  15.000	  10.000	   0.000	 180.000	0.328910	0.009989	 3.037
  12.000	  10.000	   0.000	 180.000	0.330135	0.009865	 2.988
  12.000	 -10.000	   0.000	   0.000	0.310128	0.009575	 3.088
  15.000	 -10.000	   0.000	   0.000	0.303931	0.009569	 3.149
  20.000	 -10.000	   0.000	   0.000	0.297315	0.009338	 3.141
  25.000	 -10.000	   0.000	   0.000	0.291865	0.008802	 3.016
  30.000	 -10.000	   0.000	   0.000	0.287772	0.009698	 3.370
  35.000	 -10.000	   0.000	   0.000	0.285790	0.009998	 3.498
  40.000	 -10.000	   0.000	   0.000	0.285638	0.009408	 3.294
  45.000	 -10.000	   0.000	   0.000	0.288505	0.009695	 3.361
  50.000	 -10.000	   0.000	   0.000	0.293553	0.009122	 3.107
  55.000	 -10.000	   0.000	   0.000	0.303017	0.009280	 3.063
  60.000	 -10.000	   0.000	   0.000	0.315926	0.009298	 2.943
  65.000	 -10.000	   0.000	   0.000	0.334802	0.009062	 2.707
 105.000	  30.000	   0.000	 180.000	0.748615	0.010498	 1.402
 100.000	  30.000	   0.000	 180.000	0.667887	0.009074	 1.359
  95.000	  30.000	   0.000	 180.000	0.596817	0.009980	 1.672
  90.000	  30.000	   0.000	 180.000	0.536897	0.010110	 1.883
  85.000	  30.000	   0.000	 180.000	0.490311	0.009993	 2.038
  80.000	  30.000	   0.000	 180.000	0.451587	0.010148	 2.247
  75.000	  30.000	   0.000	 180.000	0.421600	0.009648	 2.288
  70.000	  30.000	   0.000	 180.000	0.393003	0.009522	 2.423
  65.000	  30.000	   0.000	 180.000	0.370876	0.009575	 2.582
  60.000	  30.000	   0.000	 180.000	0.352055	0.009548	 2.712
  55.000	  30.000	   0.000	 180.000	0.334800	0.009660	 2.885
  50.000	  30.000	   0.000	 180.000	0.321649	0.009559	 2.972
  45.000	  30.000	   0.000	 180.000	0.307599	0.009943	 3.232
  40.000	  30.000	   0.000	 180.000	0.295936	0.009942	 3.359
  35.000	  30.000	   0.000	 180.000	0.285225	0.009607	 3.368
  30.000	  30.000	   0.000	 180.000	0.276272	0.009100	 3.294
  25.000	  30.000	   0.000	 180.000	0.267877	0.009121	 3.405
  20.000	  30.000	   0.000	 180.000	0.261244	0.009284	 3.554
  15.000	  30.000	   0.000	 180.000	0.257007	0.008974	 3.492
  12.000	  30.000	   0.000	 180.000	0.255249	0.009069	 3.553
  12.000	 -30.000	   0.000	   0.000	0.233600	0.009080	 3.887
  15.000	 -30.000	   0.000	   0.000	0.229780	0.009931	 4.322
  20.000	 -30.000	   0.000	   0.000	0.225436	0.009454	 4.194
  25.000	 -30.000	   0.000	   0.000	0.223888	0.009318	 4.162
  30.000	 -30.000	   0.000	   0.000	0.224948	0.010059	 4.472
  35.000	 -30.000	   0.000	   0.000	0.229411	0.009246	 4.030
  40.000	 -30.000	   0.000	   0.000	0.237390	0.009350	 3.939
  45.000	 -30.000	   0.000	   0.000	0.248663	0.009219	 3.707
 125.000	  50.000	   0.000	 180.000	1.193761	0.012843	 1.076
 120.000	  50.000	   0.000	 180.000	1.024465	0.011203	 1.094
 115.000	  50.000	   0.000	 180.000	0.877394	0.009295	 1.059
 110.000	  50.000	   0.000	 180.000	0.744303	0.011895	 1.598
 105.000	  50.000	   0.000	 180.000	0.640055	0.012059	 1.884
 100.000	  50.000	   0.000	 180.000	0.552899	0.010571	 1.912
  95.000	  50.000	   0.000	 180.000	0.480981	0.009842	 2.046
  90.000	  50.000	   0.000	 180.000	0.423636	0.010661	 2.517
  85.000	  50.000	   0.000	 180.000	0.376930	0.010224	 2.712
  80.000	  50.000	   0.000	 180.000	0.337900	0.009303	 2.753
  75.000	  50.000	   0.000	 180.000	0.306508	0.009651	 3.149
  70.000	  50.000	   0.000	 180.000	0.279965	0.009355	 3.341
  65.000	  50.000	   0.000	 180.000	0.257738	0.009059	 3.515
  60.000	  50.000	   0.000	 180.000	0.239151	0.009334	 3.903
  55.000	  50.000	   0.000	 180.000	0.223113	0.009457	 4.239
  50.000	  50.000	   0.000	 180.000	0.209596	0.009579	 4.570
  45.000	  50.000	   0.000	 180.000	0.198077	0.009808	 4.952
  40.000	  50.000	   0.000	 180.000	0.188455	0.009538	 5.061
  35.000	  50.000	   0.000	 180.000	0.180695	0.009936	 5.498
  30.000	  50.000	   0.000	 180.000	0.175181	0.009040	 5.160
  25.000	  50.000	   0.000	 180.000	0.171421	0.009245	 5.393
  20.000	  50.000	   0.000	 180.000	0.168787	0.009186	 5.442
  15.000	  50.000	   0.000	 180.000	0.168912	0.009534	 5.644
  12.000	  50.000	   0.000	 180.000	0.170473	0.008904	 5.223
  12.000	 -50.000	   0.000	   0.000	0.183901	0.009255	 5.033
  15.000	 -50.000	   0.000	   0.000	0.184921	0.009199	 4.975
  20.000	 -50.000	   0.000	   0.000	0.189994	0.009569	 5.037
  25.000	 -50.000	   0.000	   0.000	0.199292	0.009541	 4.787
 145.000	  70.000	   0.000	 180.000	1.547549	0.011892	 0.768
 140.000	  70.000	   0.000	 180.000	1.239691	0.012155	 0.981
 135.000	  70.000	   0.000	 180.000	1.019969	0.012939	 1.269
 130.000	  70.000	   0.000	 180.000	0.837158	0.010247	 1.224
 125.000	  70.000	   0.000	 180.000	0.684679	0.011126	 1.625
 120.000	  70.000	   0.000	 180.000	0.561728	0.010014	 1.783
 115.000	  70.000	   0.000	 180.000	0.461737	0.010737	 2.325
 110.000	  70.000	   0.000	 180.000	0.383863	0.009979	 2.600
 105.000	  70.000	   0.000	 180.000	0.321880	0.009222	 2.865
 100.000	  70.000	   0.000	 180.000	0.272184	0.009151	 3.362
  95.000	  70.000	   0.000	 180.000	0.234584	0.009141	 3.897
  90.000	  70.000	   0.000	 180.000	0.204725	0.009788	 4.781
  85.000	  70.000	   0.000	 180.000	0.180738	0.009358	 5.178
  80.000	  70.000	   0.000	 180.000	0.161187	0.008913	 5.530
  75.000	  70.000	   0.000	 180.000	0.145580	0.008953	 6.150
  70.000	  70.000	   0.000	 180.000	0.132384	0.009371	 7.078
  65.000	  70.000	   0.000	 180.000	0.124331	0.009057	 7.285
  60.000	  70.000	   0.000	 180.000	0.115329	0.009238	 8.011
  55.000	  70.000	   0.000	 180.000	0.108679	0.009048	 8.325
  50.000	  70.000	   0.000	 180.000	0.104266	0.009335	 8.953
  45.000	  70.000	   0.000	 180.000	0.101062	0.008911	 8.818
  40.000	  70.000	   0.000	 180.000	0.097951	0.009225	 9.418
  35.000	  70.000	   0.000	 180.000	0.098041	0.009236	 9.420
  30.000	  70.000	   0.000	 180.000	0.098551	0.009343	 9.481
  25.000	  70.000	   0.000	 180.000	0.101037	0.008979	 8.886
  20.000	  70.000	   0.000	 180.000	0.105557	0.008970	 8.498
  15.000	  70.000	   0.000	 180.000	0.111847	0.009364	 8.373
  12.000	  70.000	   0.000	 180.000	0.117197	0.009200	 7.850
  45.000	   0.000	   0.000	   0.000	0.313554	0.009337	 2.978
1.0000	 385.65	8.000	11
-0.007127 +- 0.005875 = dark 1
-0.011399 +- 0.010776 = dark 2
-0.004272 = dark 2 - dark 1
7 = filter number
