nik	Wed Jul 15 10:49:48 2026
LOFT 3x6" sample INVAR_Aeroglaze_2307_9924
 385.65 nanometers
114
  45.000	   0.000	   0.000	   0.000	0.164125	0.005225	 3.184
  85.000	  10.000	   0.000	 180.000	0.188346	0.005687	 3.020
  80.000	  10.000	   0.000	 180.000	0.181300	0.005641	 3.112
  75.000	  10.000	   0.000	 180.000	0.175072	0.005511	 3.148
  70.000	  10.000	   0.000	 180.000	0.171275	0.005848	 3.414
  65.000	  10.000	   0.000	 180.000	0.167869	0.005688	 3.388
  60.000	  10.000	   0.000	 180.000	0.165653	0.005583	 3.370
  55.000	  10.000	   0.000	 180.000	0.164734	0.005394	 3.274
  50.000	  10.000	   0.000	 180.000	0.164419	0.005514	 3.353
  45.000	  10.000	   0.000	 180.000	0.164829	0.005304	 3.218
  40.000	  10.000	   0.000	 180.000	0.166149	0.005752	 3.462
  35.000	  10.000	   0.000	 180.000	0.169709	0.005224	 3.078
  30.000	  10.000	   0.000	 180.000	0.172274	0.005532	 3.211
  25.000	  10.000	   0.000	 180.000	0.176443	0.005333	 3.023
  20.000	  10.000	   0.000	 180.000	0.180244	0.005531	 3.069
  15.000	  10.000	   0.000	 180.000	0.181799	0.005349	 2.942
  12.000	  10.000	   0.000	 180.000	0.181940	0.005258	 2.890
  12.000	 -10.000	   0.000	   0.000	0.174459	0.005579	 3.198
  15.000	 -10.000	   0.000	   0.000	0.172208	0.005581	 3.241
  20.000	 -10.000	   0.000	   0.000	0.168832	0.005696	 3.374
  25.000	 -10.000	   0.000	   0.000	0.166383	0.005469	 3.287
  30.000	 -10.000	   0.000	   0.000	0.164400	0.005575	 3.391
  35.000	 -10.000	   0.000	   0.000	0.162900	0.005530	 3.395
  40.000	 -10.000	   0.000	   0.000	0.162255	0.005465	 3.368
  45.000	 -10.000	   0.000	   0.000	0.161628	0.005670	 3.508
  50.000	 -10.000	   0.000	   0.000	0.161450	0.005508	 3.412
  55.000	 -10.000	   0.000	   0.000	0.161872	0.005347	 3.303
  60.000	 -10.000	   0.000	   0.000	0.162703	0.005256	 3.231
  65.000	 -10.000	   0.000	   0.000	0.163503	0.005502	 3.365
 105.000	  30.000	   0.000	 180.000	0.252822	0.005777	 2.285
 100.000	  30.000	   0.000	 180.000	0.225513	0.005891	 2.612
  95.000	  30.000	   0.000	 180.000	0.205210	0.005807	 2.830
  90.000	  30.000	   0.000	 180.000	0.189964	0.005968	 3.142
  85.000	  30.000	   0.000	 180.000	0.179159	0.005769	 3.220
  80.000	  30.000	   0.000	 180.000	0.171050	0.005716	 3.342
  75.000	  30.000	   0.000	 180.000	0.166421	0.005626	 3.380
  70.000	  30.000	   0.000	 180.000	0.162609	0.005171	 3.180
  65.000	  30.000	   0.000	 180.000	0.161078	0.006406	 3.977
  60.000	  30.000	   0.000	 180.000	0.160852	0.005444	 3.384
  55.000	  30.000	   0.000	 180.000	0.156574	0.005215	 3.331
  50.000	  30.000	   0.000	 180.000	0.154298	0.005299	 3.434
  45.000	  30.000	   0.000	 180.000	0.151208	0.005792	 3.831
  40.000	  30.000	   0.000	 180.000	0.148392	0.005660	 3.814
  35.000	  30.000	   0.000	 180.000	0.148243	0.005304	 3.578
  30.000	  30.000	   0.000	 180.000	0.147762	0.005389	 3.647
  25.000	  30.000	   0.000	 180.000	0.148274	0.005607	 3.781
  20.000	  30.000	   0.000	 180.000	0.150774	0.005415	 3.591
  15.000	  30.000	   0.000	 180.000	0.153454	0.005556	 3.621
  12.000	  30.000	   0.000	 180.000	0.155382	0.005429	 3.494
  12.000	 -30.000	   0.000	   0.000	0.160346	0.005348	 3.335
  15.000	 -30.000	   0.000	   0.000	0.158277	0.005816	 3.675
  20.000	 -30.000	   0.000	   0.000	0.155868	0.005467	 3.508
  25.000	 -30.000	   0.000	   0.000	0.154110	0.005212	 3.382
  30.000	 -30.000	   0.000	   0.000	0.152663	0.005913	 3.873
  35.000	 -30.000	   0.000	   0.000	0.151644	0.005367	 3.539
  40.000	 -30.000	   0.000	   0.000	0.150750	0.005604	 3.717
  45.000	 -30.000	   0.000	   0.000	0.149193	0.005324	 3.569
 125.000	  50.000	   0.000	 180.000	0.470653	0.005612	 1.192
 120.000	  50.000	   0.000	 180.000	0.370921	0.006147	 1.657
 115.000	  50.000	   0.000	 180.000	0.301105	0.005414	 1.798
 110.000	  50.000	   0.000	 180.000	0.253024	0.005447	 2.153
 105.000	  50.000	   0.000	 180.000	0.217742	0.005357	 2.460
 100.000	  50.000	   0.000	 180.000	0.195068	0.005379	 2.757
  95.000	  50.000	   0.000	 180.000	0.173702	0.005307	 3.055
  90.000	  50.000	   0.000	 180.000	0.160852	0.005149	 3.201
  85.000	  50.000	   0.000	 180.000	0.144509	0.005232	 3.621
  80.000	  50.000	   0.000	 180.000	0.132618	0.005399	 4.071
  75.000	  50.000	   0.000	 180.000	0.125523	0.005528	 4.404
  70.000	  50.000	   0.000	 180.000	0.120389	0.005223	 4.338
  65.000	  50.000	   0.000	 180.000	0.117063	0.005480	 4.681
  60.000	  50.000	   0.000	 180.000	0.113838	0.005449	 4.786
  55.000	  50.000	   0.000	 180.000	0.112686	0.005921	 5.255
  50.000	  50.000	   0.000	 180.000	0.111545	0.005304	 4.755
  45.000	  50.000	   0.000	 180.000	0.111094	0.005405	 4.865
  40.000	  50.000	   0.000	 180.000	0.111315	0.005374	 4.828
  35.000	  50.000	   0.000	 180.000	0.112538	0.005302	 4.711
  30.000	  50.000	   0.000	 180.000	0.114094	0.005527	 4.844
  25.000	  50.000	   0.000	 180.000	0.117346	0.005424	 4.623
  20.000	  50.000	   0.000	 180.000	0.120324	0.005349	 4.445
  15.000	  50.000	   0.000	 180.000	0.125038	0.005245	 4.195
  12.000	  50.000	   0.000	 180.000	0.128160	0.005578	 4.352
  12.000	 -50.000	   0.000	   0.000	0.142693	0.005238	 3.671
  15.000	 -50.000	   0.000	   0.000	0.141588	0.005530	 3.906
  20.000	 -50.000	   0.000	   0.000	0.140101	0.005258	 3.753
  25.000	 -50.000	   0.000	   0.000	0.136806	0.005672	 4.146
 145.000	  70.000	   0.000	 180.000	1.380852	0.008184	 0.593
 140.000	  70.000	   0.000	 180.000	0.848670	0.006097	 0.718
 135.000	  70.000	   0.000	 180.000	0.587543	0.006314	 1.075
 130.000	  70.000	   0.000	 180.000	0.396785	0.006261	 1.578
 125.000	  70.000	   0.000	 180.000	0.282675	0.006081	 2.151
 120.000	  70.000	   0.000	 180.000	0.212314	0.005488	 2.585
 115.000	  70.000	   0.000	 180.000	0.166658	0.005377	 3.226
 110.000	  70.000	   0.000	 180.000	0.136027	0.005639	 4.145
 105.000	  70.000	   0.000	 180.000	0.115083	0.005277	 4.585
 100.000	  70.000	   0.000	 180.000	0.061528	0.031893	51.835
  95.000	  70.000	   0.000	 180.000	0.043096	0.021020	48.775
  90.000	  70.000	   0.000	 180.000	0.032987	0.005133	15.560
  85.000	  70.000	   0.000	 180.000	0.030430	0.005199	17.085
  80.000	  70.000	   0.000	 180.000	0.027997	0.005301	18.933
  75.000	  70.000	   0.000	 180.000	0.026760	0.005307	19.833
  70.000	  70.000	   0.000	 180.000	0.025354	0.005233	20.639
  65.000	  70.000	   0.000	 180.000	0.024855	0.005354	21.542
  60.000	  70.000	   0.000	 180.000	0.024440	0.005094	20.841
  55.000	  70.000	   0.000	 180.000	0.024507	0.005020	20.483
  50.000	  70.000	   0.000	 180.000	0.024809	0.005080	20.475
  45.000	  70.000	   0.000	 180.000	0.025306	0.005194	20.524
  40.000	  70.000	   0.000	 180.000	0.026379	0.005120	19.408
  35.000	  70.000	   0.000	 180.000	0.028738	0.005314	18.492
  30.000	  70.000	   0.000	 180.000	0.031185	0.005705	18.293
  25.000	  70.000	   0.000	 180.000	0.034267	0.005118	14.937
  20.000	  70.000	   0.000	 180.000	0.039345	0.005149	13.087
  15.000	  70.000	   0.000	 180.000	0.046173	0.005335	11.554
  12.000	  70.000	   0.000	 180.000	0.054893	0.018511	33.723
  45.000	   0.000	   0.000	   0.000	0.163006	0.005686	 3.488
1.0000	 385.65	8.000	11
-0.005998 +- 0.000591 = dark 1
-0.005764 +- 0.008635 = dark 2
 0.000235 = dark 2 - dark 1
7 = filter number
