nik	Thu Jul 16 13:37:59 2026
LOFT 12" sample titanium grade 2 titanium anodize
1059.04 nanometers
114
  45.000	   0.000	   0.000	   0.000	1.041642	0.002585	 0.248
  85.000	  10.000	   0.000	 180.000	0.734319	0.001033	 0.141
  80.000	  10.000	   0.000	 180.000	0.812382	0.001610	 0.198
  75.000	  10.000	   0.000	 180.000	0.905154	0.001784	 0.197
  70.000	  10.000	   0.000	 180.000	1.031718	0.001896	 0.184
  65.000	  10.000	   0.000	 180.000	1.193927	0.001883	 0.158
  60.000	  10.000	   0.000	 180.000	1.424595	0.003752	 0.263
  55.000	  10.000	   0.000	 180.000	1.773817	0.004434	 0.250
  50.000	  10.000	   0.000	 180.000	2.328716	0.006144	 0.264
  45.000	  10.000	   0.000	 180.000	3.169972	0.007199	 0.227
  40.000	  10.000	   0.000	 180.000	4.374663	0.015409	 0.352
  35.000	  10.000	   0.000	 180.000	5.784749	0.014348	 0.248
  30.000	  10.000	   0.000	 180.000	7.047001	0.011475	 0.163
  25.000	  10.000	   0.000	 180.000	7.942225	0.013343	 0.168
  20.000	  10.000	   0.000	 180.000	8.149503	0.021308	 0.261
  15.000	  10.000	   0.000	 180.000	7.726212	0.022243	 0.288
  12.000	  10.000	   0.000	 180.000	7.211394	0.013946	 0.193
  12.000	 -10.000	   0.000	   0.000	1.797693	0.005339	 0.297
  15.000	 -10.000	   0.000	   0.000	1.511658	0.003282	 0.217
  20.000	 -10.000	   0.000	   0.000	1.176393	0.002725	 0.232
  25.000	 -10.000	   0.000	   0.000	0.948556	0.004851	 0.511
  30.000	 -10.000	   0.000	   0.000	0.789989	0.001788	 0.226
  35.000	 -10.000	   0.000	   0.000	0.677776	0.002208	 0.326
  40.000	 -10.000	   0.000	   0.000	0.590137	0.001210	 0.205
  45.000	 -10.000	   0.000	   0.000	0.525707	0.001066	 0.203
  50.000	 -10.000	   0.000	   0.000	0.472404	0.001020	 0.216
  55.000	 -10.000	   0.000	   0.000	0.431681	0.001253	 0.290
  60.000	 -10.000	   0.000	   0.000	0.397203	0.000797	 0.201
  65.000	 -10.000	   0.000	   0.000	0.367717	0.000649	 0.177
 105.000	  30.000	   0.000	 180.000	1.699434	0.002356	 0.139
 100.000	  30.000	   0.000	 180.000	1.959162	0.002503	 0.128
  95.000	  30.000	   0.000	 180.000	2.362506	0.003901	 0.165
  90.000	  30.000	   0.000	 180.000	3.006622	0.006307	 0.210
  85.000	  30.000	   0.000	 180.000	4.022892	0.004392	 0.109
  80.000	  30.000	   0.000	 180.000	5.368184	0.010827	 0.202
  75.000	  30.000	   0.000	 180.000	6.851170	0.020293	 0.296
  70.000	  30.000	   0.000	 180.000	8.191119	0.015759	 0.192
  65.000	  30.000	   0.000	 180.000	8.965057	0.033439	 0.373
  60.000	  30.000	   0.000	 180.000	8.950277	0.015758	 0.176
  55.000	  30.000	   0.000	 180.000	8.152597	0.023406	 0.287
  50.000	  30.000	   0.000	 180.000	6.909627	0.017026	 0.246
  45.000	  30.000	   0.000	 180.000	5.371673	0.009198	 0.171
  40.000	  30.000	   0.000	 180.000	3.894405	0.012018	 0.309
  35.000	  30.000	   0.000	 180.000	2.730425	0.007116	 0.261
  30.000	  30.000	   0.000	 180.000	1.896568	0.006265	 0.330
  25.000	  30.000	   0.000	 180.000	1.372056	0.005468	 0.399
  20.000	  30.000	   0.000	 180.000	1.043223	0.003355	 0.322
  15.000	  30.000	   0.000	 180.000	0.826310	0.001898	 0.230
  12.000	  30.000	   0.000	 180.000	0.736878	0.002147	 0.291
  12.000	 -30.000	   0.000	   0.000	0.358777	0.001065	 0.297
  15.000	 -30.000	   0.000	   0.000	0.334470	0.001123	 0.336
  20.000	 -30.000	   0.000	   0.000	0.300053	0.001118	 0.373
  25.000	 -30.000	   0.000	   0.000	0.273874	0.001017	 0.371
  30.000	 -30.000	   0.000	   0.000	0.252994	0.000681	 0.269
  35.000	 -30.000	   0.000	   0.000	0.236401	0.000571	 0.241
  40.000	 -30.000	   0.000	   0.000	0.222035	0.000514	 0.231
  45.000	 -30.000	   0.000	   0.000	0.207837	0.000651	 0.313
 125.000	  50.000	   0.000	 180.000	7.016073	0.020684	 0.295
 120.000	  50.000	   0.000	 180.000	9.072290	0.015883	 0.175
 115.000	  50.000	   0.000	 180.000	11.108195	0.011081	 0.100
 110.000	  50.000	   0.000	 180.000	10.746830	0.001448	 0.013
 105.000	  50.000	   0.000	 180.000	10.747318	0.001447	 0.013
 100.000	  50.000	   0.000	 180.000	10.747953	0.001452	 0.014
  95.000	  50.000	   0.000	 180.000	10.061148	0.020849	 0.207
  90.000	  50.000	   0.000	 180.000	7.977478	0.024372	 0.306
  85.000	  50.000	   0.000	 180.000	5.886650	0.014166	 0.241
  80.000	  50.000	   0.000	 180.000	4.044467	0.007652	 0.189
  75.000	  50.000	   0.000	 180.000	2.677613	0.007640	 0.285
  70.000	  50.000	   0.000	 180.000	1.799149	0.007314	 0.407
  65.000	  50.000	   0.000	 180.000	1.272620	0.002690	 0.211
  60.000	  50.000	   0.000	 180.000	0.937232	0.003532	 0.377
  55.000	  50.000	   0.000	 180.000	0.724066	0.001612	 0.223
  50.000	  50.000	   0.000	 180.000	0.577041	0.001563	 0.271
  45.000	  50.000	   0.000	 180.000	0.469181	0.001261	 0.269
  40.000	  50.000	   0.000	 180.000	0.389663	0.001738	 0.446
  35.000	  50.000	   0.000	 180.000	0.328873	0.000890	 0.271
  30.000	  50.000	   0.000	 180.000	0.283904	0.000691	 0.243
  25.000	  50.000	   0.000	 180.000	0.251194	0.000893	 0.356
  20.000	  50.000	   0.000	 180.000	0.225463	0.001135	 0.504
  15.000	  50.000	   0.000	 180.000	0.207300	0.000659	 0.318
  12.000	  50.000	   0.000	 180.000	0.198836	0.000730	 0.367
  12.000	 -50.000	   0.000	   0.000	0.151889	0.000563	 0.370
  15.000	 -50.000	   0.000	   0.000	0.146775	0.000430	 0.293
  20.000	 -50.000	   0.000	   0.000	0.138933	0.000400	 0.288
  25.000	 -50.000	   0.000	   0.000	0.131019	0.000336	 0.257
 145.000	  70.000	   0.000	 180.000	10.747162	0.001448	 0.013
 140.000	  70.000	   0.000	 180.000	10.747709	0.001448	 0.013
 135.000	  70.000	   0.000	 180.000	10.748191	0.001447	 0.013
 130.000	  70.000	   0.000	 180.000	10.748569	0.001447	 0.013
 125.000	  70.000	   0.000	 180.000	8.692544	0.019592	 0.225
 120.000	  70.000	   0.000	 180.000	4.997009	0.018378	 0.368
 115.000	  70.000	   0.000	 180.000	2.845609	0.007113	 0.250
 110.000	  70.000	   0.000	 180.000	1.715765	0.009275	 0.541
 105.000	  70.000	   0.000	 180.000	1.119668	0.002811	 0.251
 100.000	  70.000	   0.000	 180.000	0.791219	0.002024	 0.256
  95.000	  70.000	   0.000	 180.000	0.589870	0.002687	 0.456
  90.000	  70.000	   0.000	 180.000	0.453760	0.000797	 0.176
  85.000	  70.000	   0.000	 180.000	0.356042	0.001305	 0.366
  80.000	  70.000	   0.000	 180.000	0.287327	0.000529	 0.184
  75.000	  70.000	   0.000	 180.000	0.235787	0.000492	 0.209
  70.000	  70.000	   0.000	 180.000	0.196820	0.000554	 0.281
  65.000	  70.000	   0.000	 180.000	0.166727	0.000723	 0.434
  60.000	  70.000	   0.000	 180.000	0.143160	0.000471	 0.329
  55.000	  70.000	   0.000	 180.000	0.125229	0.000363	 0.290
  50.000	  70.000	   0.000	 180.000	0.111830	0.000427	 0.382
  45.000	  70.000	   0.000	 180.000	0.101104	0.000300	 0.296
  40.000	  70.000	   0.000	 180.000	0.093841	0.000332	 0.353
  35.000	  70.000	   0.000	 180.000	0.088745	0.000318	 0.359
  30.000	  70.000	   0.000	 180.000	0.086332	0.000259	 0.300
  25.000	  70.000	   0.000	 180.000	0.087525	0.000280	 0.320
  20.000	  70.000	   0.000	 180.000	0.094487	0.000303	 0.321
  15.000	  70.000	   0.000	 180.000	0.111990	0.000270	 0.241
  12.000	  70.000	   0.000	 180.000	0.085407	0.000273	 0.320
  45.000	   0.000	   0.000	   0.000	1.039159	0.001214	 0.117
1.0000	1059.04	8.000	10
-0.002092 +- 0.000052 = dark 1
-0.001982 +- 0.000078 = dark 2
 0.000111 = dark 2 - dark 1
11 = filter number
