BRF Values
LOFT 3x6" sample INVAR_Aeroglaze_2307_9924
Measurements taken on Jul 15 2026 by nik
BRF values calculated with F:\data\sorted\data_processing_programs\blacklab_rf_calculator_MATLAB\Black_Lab_BRF_v6.m using 0/45 configuration
NIST BRF values linearly interpolated from F:\data\sorted\data_processing_programs\blacklab_rf_calculator_MATLAB\NIST RF files\RSG_working_NIST_standard\NIST_291181-Revised_24477-1-1_0-45_Extended.txt
src_z	src_a	view_z	view_a	385.65nm	1059.04nm
  0.000	  0.000	 45.000	  0.000	0.030455	0.032276
 10.000	  0.000	 75.000	180.000	0.035489	0.036038
 10.000	  0.000	 70.000	180.000	0.034161	0.036094
 10.000	  0.000	 65.000	180.000	0.032988	0.035920
 10.000	  0.000	 60.000	180.000	0.032272	0.035529
 10.000	  0.000	 55.000	180.000	0.031631	0.035560
 10.000	  0.000	 50.000	180.000	0.031213	0.035879
 10.000	  0.000	 45.000	180.000	0.031040	0.036336
 10.000	  0.000	 40.000	180.000	0.030981	0.037148
 10.000	  0.000	 35.000	180.000	0.031058	0.038622
 10.000	  0.000	 30.000	180.000	0.031307	0.041053
 10.000	  0.000	 25.000	180.000	0.031977	0.043981
 10.000	  0.000	 20.000	180.000	0.032461	0.046266
 10.000	  0.000	 15.000	180.000	0.033246	0.050571
 10.000	  0.000	 10.000	180.000	0.033962	0.054847
 10.000	  0.000	  5.000	180.000	0.034255	0.053023
 10.000	  0.000	  2.000	180.000	0.034282	0.051180
 10.000	  0.000	 22.000	  0.000	0.032872	0.035448
 10.000	  0.000	 25.000	  0.000	0.032448	0.034913
 10.000	  0.000	 30.000	  0.000	0.031812	0.033271
 10.000	  0.000	 35.000	  0.000	0.031351	0.032134
 10.000	  0.000	 40.000	  0.000	0.030977	0.031282
 10.000	  0.000	 45.000	  0.000	0.030694	0.030499
 10.000	  0.000	 50.000	  0.000	0.030573	0.029887
 10.000	  0.000	 55.000	  0.000	0.030455	0.029475
 10.000	  0.000	 60.000	  0.000	0.030421	0.029034
 10.000	  0.000	 65.000	  0.000	0.030501	0.028487
 10.000	  0.000	 70.000	  0.000	0.030657	0.027945
 10.000	  0.000	 75.000	  0.000	0.030808	0.027057
 30.000	  0.000	 75.000	180.000	0.054172	0.069946
 30.000	  0.000	 70.000	180.000	0.048320	0.064152
 30.000	  0.000	 65.000	180.000	0.043970	0.059069
 30.000	  0.000	 60.000	180.000	0.040703	0.055253
 30.000	  0.000	 55.000	180.000	0.038388	0.053129
 30.000	  0.000	 50.000	180.000	0.036651	0.052226
 30.000	  0.000	 45.000	180.000	0.035659	0.052164
 30.000	  0.000	 40.000	180.000	0.034842	0.051736
 30.000	  0.000	 35.000	180.000	0.034514	0.052317
 30.000	  0.000	 30.000	180.000	0.034466	0.053884
 30.000	  0.000	 25.000	180.000	0.033549	0.051742
 30.000	  0.000	 20.000	180.000	0.033061	0.050221
 30.000	  0.000	 15.000	180.000	0.032399	0.046372
 30.000	  0.000	 10.000	180.000	0.031796	0.042043
 30.000	  0.000	  5.000	180.000	0.031764	0.038769
 30.000	  0.000	  0.000	  0.000	0.031661	0.036052
 30.000	  0.000	  5.000	  0.000	0.031770	0.034643
 30.000	  0.000	 10.000	  0.000	0.032306	0.033670
 30.000	  0.000	 15.000	  0.000	0.032880	0.033074
 30.000	  0.000	 18.000	  0.000	0.033293	0.033069
 30.000	  0.000	 42.000	  0.000	0.034357	0.030850
 30.000	  0.000	 45.000	  0.000	0.033914	0.030562
 30.000	  0.000	 50.000	  0.000	0.033398	0.029802
 30.000	  0.000	 55.000	  0.000	0.033021	0.029127
 30.000	  0.000	 60.000	  0.000	0.032711	0.028332
 30.000	  0.000	 65.000	  0.000	0.032493	0.027667
 30.000	  0.000	 70.000	  0.000	0.032301	0.026697
 30.000	  0.000	 75.000	  0.000	0.031967	0.025391
 50.000	  0.000	 75.000	180.000	0.135870	0.256044
 50.000	  0.000	 70.000	180.000	0.107079	0.201807
 50.000	  0.000	 65.000	180.000	0.086924	0.160813
 50.000	  0.000	 60.000	180.000	0.073044	0.132771
 50.000	  0.000	 55.000	180.000	0.062858	0.111510
 50.000	  0.000	 50.000	180.000	0.056313	0.097824
 50.000	  0.000	 45.000	180.000	0.050145	0.086441
 50.000	  0.000	 40.000	180.000	0.046435	0.079299
 50.000	  0.000	 35.000	180.000	0.041717	0.065213
 50.000	  0.000	 30.000	180.000	0.038285	0.055258
 50.000	  0.000	 25.000	180.000	0.036236	0.048557
 50.000	  0.000	 20.000	180.000	0.034754	0.043821
 50.000	  0.000	 15.000	180.000	0.033794	0.040168
 50.000	  0.000	 10.000	180.000	0.032863	0.037599
 50.000	  0.000	  5.000	180.000	0.032531	0.034867
 50.000	  0.000	  0.000	  0.000	0.032201	0.032798
 50.000	  0.000	  5.000	  0.000	0.032071	0.031377
 50.000	  0.000	 10.000	  0.000	0.032135	0.030434
 50.000	  0.000	 15.000	  0.000	0.032488	0.029982
 50.000	  0.000	 20.000	  0.000	0.032937	0.029549
 50.000	  0.000	 25.000	  0.000	0.033876	0.029603
 50.000	  0.000	 30.000	  0.000	0.034736	0.029821
 50.000	  0.000	 35.000	  0.000	0.036096	0.030625
 50.000	  0.000	 38.000	  0.000	0.036998	0.031106
 50.000	  0.000	 62.000	  0.000	0.041193	0.032677
 50.000	  0.000	 65.000	  0.000	0.040874	0.032442
 50.000	  0.000	 70.000	  0.000	0.040445	0.031341
 50.000	  0.000	 75.000	  0.000	0.039494	0.029585
 70.000	  0.000	 75.000	180.000	0.749177	2.468140
 70.000	  0.000	 70.000	180.000	0.460443	1.390961
 70.000	  0.000	 65.000	180.000	0.318770	0.838324
 70.000	  0.000	 60.000	180.000	0.215275	0.507421
 70.000	  0.000	 55.000	180.000	0.153364	0.320704
 70.000	  0.000	 50.000	180.000	0.115190	0.213380
 70.000	  0.000	 45.000	180.000	0.090420	0.150263
 70.000	  0.000	 40.000	180.000	0.073801	0.111307
 70.000	  0.000	 35.000	180.000	0.062438	0.085820
 70.000	  0.000	 30.000	180.000	0.033382	0.068888
 70.000	  0.000	 25.000	180.000	0.023382	0.057039
 70.000	  0.000	 20.000	180.000	0.017897	0.049089
 70.000	  0.000	 15.000	180.000	0.016510	0.042789
 70.000	  0.000	 10.000	180.000	0.015190	0.038753
 70.000	  0.000	  5.000	180.000	0.014519	0.035160
 70.000	  0.000	  0.000	  0.000	0.013756	0.032353
 70.000	  0.000	  5.000	  0.000	0.013485	0.030615
 70.000	  0.000	 10.000	  0.000	0.013260	0.029245
 70.000	  0.000	 15.000	  0.000	0.013296	0.028620
 70.000	  0.000	 20.000	  0.000	0.013460	0.027951
 70.000	  0.000	 25.000	  0.000	0.013730	0.027982
 70.000	  0.000	 30.000	  0.000	0.014312	0.028113
 70.000	  0.000	 35.000	  0.000	0.015592	0.028874
 70.000	  0.000	 40.000	  0.000	0.016919	0.029871
 70.000	  0.000	 45.000	  0.000	0.018591	0.031702
 70.000	  0.000	 50.000	  0.000	0.021347	0.034435
 70.000	  0.000	 55.000	  0.000	0.025051	0.038760
 70.000	  0.000	 58.000	  0.000	0.029782	0.036442
  0.000	  0.000	 45.000	  0.000	0.030248	0.032267
